1	241	contig_29_18	1
2	242	contig_29_18	1
3	772	contig_29_18	1
4	773	contig_29_18	1
5	-733	contig_29_18	1
6	-732	contig_29_18	1
7	-731	contig_29_18	1
8	-730	contig_29_18	1
9	-729	contig_29_18	1
10	774	contig_29_18	1
11	775	contig_29_18	1
12	776	contig_29_18	1
13	243	contig_29_18	1
14	244	contig_29_18	1
15	245	contig_29_18	1
16	246	contig_29_18	1
17	247	contig_29_18	1
18	363	contig_29_18	1
19	421	contig_29_18	1
20	994	contig_29_18	1
21	995	contig_29_18	1
22	996	contig_29_18	1
23	248	contig_29_18	1
24	249	contig_29_18	1
25	250	contig_29_18	1
26	251	contig_29_18	1
27	252	contig_29_18	1
28	253	contig_29_18	1
29	254	contig_29_18	1
30	255	contig_29_18	1
31	256	contig_29_18	1
32	257	contig_29_18	1
33	258	contig_29_18	1
34	259	contig_29_18	1
35	260	contig_29_18	1
36	261	contig_29_18	1
37	262	contig_29_18	1
38	263	contig_29_18	1
39	264	contig_29_18	1
40	207	contig_29_18	1
41	208	contig_29_18	1
42	500	contig_29_18	1
43	501	contig_29_18	1
44	502	contig_29_18	1
45	-595	contig_29_18	1
46	-594	contig_29_18	1
47	-593	contig_29_18	1
48	-592	contig_29_18	1
49	-591	contig_29_18	1
50	-590	contig_29_18	1
51	-589	contig_29_18	1
52	-588	contig_29_18	1
53	-587	contig_29_18	1
54	-586	contig_29_18	1
55	-585	contig_29_18	1
56	-584	contig_29_18	1
57	-583	contig_29_18	1
58	-582	contig_29_18	1
59	-581	contig_29_18	1
60	-580	contig_29_18	1
61	-579	contig_29_18	1
62	-578	contig_29_18	1
63	-577	contig_29_18	1
64	-576	contig_29_18	1
65	-575	contig_29_18	1
66	-574	contig_29_18	1
67	-573	contig_29_18	1
68	-572	contig_29_18	1
69	-571	contig_29_18	1
70	919	contig_29_18	1
71	920	contig_29_18	1
72	921	contig_29_18	1
73	922	contig_29_18	1
74	923	contig_29_18	1
75	-570	contig_29_18	1
76	-569	contig_29_18	1
77	-568	contig_29_18	1
78	-567	contig_29_18	1
79	-566	contig_29_18	1
80	-565	contig_29_18	1
81	-564	contig_29_18	1
82	-563	contig_29_18	1
83	-562	contig_29_18	1
84	-561	contig_29_18	1
85	-560	contig_29_18	1
86	-559	contig_29_18	1
87	-777	contig_29_18	1
88	-776	contig_29_18	1
89	-775	contig_29_18	1
90	-774	contig_29_18	1
91	-773	contig_29_18	1
92	-772	contig_29_18	1
93	-771	contig_29_18	1
94	-770	contig_29_18	1
95	-769	contig_29_18	1
96	-768	contig_29_18	1
97	-767	contig_29_18	1
98	-766	contig_29_18	1
99	-765	contig_29_18	1
100	-764	contig_29_18	1
101	-763	contig_29_18	1
102	-762	contig_29_18	1
103	-761	contig_29_18	1
104	-760	contig_29_18	1
105	-759	contig_29_18	1
106	-758	contig_29_18	1
107	-757	contig_29_18	1
108	-756	contig_29_18	1
109	-755	contig_29_18	1
110	-754	contig_29_18	1
111	-753	contig_29_18	1
112	-752	contig_29_18	1
113	-751	contig_29_18	1
114	-750	contig_29_18	1
115	-749	contig_29_18	1
116	-748	contig_29_18	1
117	-747	contig_29_18	1
118	-746	contig_29_18	1
119	-745	contig_29_18	1
120	-744	contig_29_18	1
121	-743	contig_29_18	1
122	-742	contig_29_18	1
123	-741	contig_29_18	1
124	-799	contig_29_18	1
125	-798	contig_29_18	1
126	-797	contig_29_18	1
127	504	contig_29_18	1
128	106	contig_29_18	1
129	121	contig_29_18	1
130	122	contig_29_18	1
131	123	contig_29_18	1
132	-796	contig_29_18	1
133	-795	contig_29_18	1
134	-740	contig_29_18	1
135	-335	contig_29_18	1
136	-334	contig_29_18	1
137	-333	contig_29_18	1
138	-332	contig_29_18	1
139	80	contig_29_18	1
140	-739	contig_29_18	1
141	-306	contig_29_18	1
142	-305	contig_29_18	1
143	-304	contig_29_18	1
144	-303	contig_29_18	1
145	-302	contig_29_18	1
146	-738	contig_29_18	1
147	-737	contig_29_18	1
148	-736	contig_29_18	1
149	-735	contig_29_18	1
150	-734	contig_29_18	1
151	-733	contig_29_18	1
152	-732	contig_29_18	1
153	-731	contig_29_18	1
154	-730	contig_29_18	1
155	-729	contig_29_18	1
156	-728	contig_29_18	1
157	-727	contig_29_18	1
158	-726	contig_29_18	1
159	-725	contig_29_18	1
160	-724	contig_29_18	1
161	-723	contig_29_18	1
162	-722	contig_29_18	1
163	-721	contig_29_18	1
164	-720	contig_29_18	1
165	-719	contig_29_18	1
166	-718	contig_29_18	1
167	-717	contig_29_18	1
168	938	contig_29_18	1
169	939	contig_29_18	1
170	940	contig_29_18	1
171	941	contig_29_18	1
172	942	contig_29_18	1
173	-716	contig_29_18	1
174	-715	contig_29_18	1
175	-714	contig_29_18	1
176	-713	contig_29_18	1
177	-673	contig_29_18	1
178	309	contig_29_18	1
179	310	contig_29_18	1
180	322	contig_29_18	1
181	323	contig_29_18	1
182	324	contig_29_18	1
183	325	contig_29_18	1
184	326	contig_29_18	1
185	937	contig_29_18	1
186	938	contig_29_18	1
187	939	contig_29_18	1
188	940	contig_29_18	1
189	941	contig_29_18	1
190	311	contig_29_18	1
191	312	contig_29_18	1
192	-712	contig_29_18	1
193	-711	contig_29_18	1
194	-710	contig_29_18	1
195	-709	contig_29_18	1
196	-640	contig_29_18	1
197	-639	contig_29_18	1
198	-638	contig_29_18	1
199	-637	contig_29_18	1
200	346	contig_29_18	1
201	347	contig_29_18	1
202	348	contig_29_18	1
203	349	contig_29_18	1
204	350	contig_29_18	1
205	-636	contig_29_18	1
206	-653	contig_29_18	1
207	-652	contig_29_18	1
208	-651	contig_29_18	1
209	-650	contig_29_18	1
210	-649	contig_29_18	1
211	-648	contig_29_18	1
212	-647	contig_29_18	1
213	-646	contig_29_18	1
214	-645	contig_29_18	1
215	-644	contig_29_18	1
216	-643	contig_29_18	1
217	-642	contig_29_18	1
218	-641	contig_29_18	1
219	-281	contig_29_18	1
220	-280	contig_29_18	1
221	-404	contig_29_18	1
222	-403	contig_29_18	1
223	-402	contig_29_18	1
224	-401	contig_29_18	1
225	-400	contig_29_18	1
226	-399	contig_29_18	1
227	639	contig_29_18	1
228	640	contig_29_18	1
229	641	contig_29_18	1
230	642	contig_29_18	1
231	643	contig_29_18	1
232	-398	contig_29_18	1
233	-397	contig_29_18	1
234	-396	contig_29_18	1
235	-395	contig_29_18	1
236	-394	contig_29_18	1
237	-393	contig_29_18	1
238	-392	contig_29_18	1
239	-391	contig_29_18	1
240	-390	contig_29_18	1
241	-389	contig_29_18	1
242	-388	contig_29_18	1
243	-344	contig_29_18	1
244	-343	contig_29_18	1
245	-342	contig_29_18	1
246	-341	contig_29_18	1
247	-340	contig_29_18	1
248	-387	contig_29_18	1
249	-386	contig_29_18	1
250	-385	contig_29_18	1
251	-384	contig_29_18	1
252	-383	contig_29_18	1
253	-382	contig_29_18	1
254	-381	contig_29_18	1
255	-380	contig_29_18	1
256	-379	contig_29_18	1
257	-378	contig_29_18	1
258	-377	contig_29_18	1
259	-376	contig_29_18	1
260	-375	contig_29_18	1
261	-374	contig_29_18	1
262	-373	contig_29_18	1
263	-372	contig_29_18	1
264	-371	contig_29_18	1
265	-370	contig_29_18	1
266	-369	contig_29_18	1
267	-368	contig_29_18	1
268	-367	contig_29_18	1
269	-366	contig_29_18	1
270	-365	contig_29_18	1
271	-364	contig_29_18	1
272	-385	contig_29_18	1
273	-384	contig_29_18	1
274	-383	contig_29_18	1
275	-382	contig_29_18	1
276	-381	contig_29_18	1
277	-425	contig_29_18	1
278	-424	contig_29_18	1
279	-14	contig_29_18	1
280	-13	contig_29_18	1
281	-12	contig_29_18	1
282	-11	contig_29_18	1
283	-10	contig_29_18	1
284	-423	contig_29_18	1
285	-422	contig_29_18	1
286	-421	contig_29_18	1
287	-363	contig_29_18	1
288	-362	contig_29_18	1
289	-361	contig_29_18	1
290	-360	contig_29_18	1
291	-359	contig_29_18	1
292	-358	contig_29_18	1
293	-357	contig_29_18	1
294	-356	contig_29_18	1
295	-355	contig_29_18	1
296	-178	contig_29_18	1
297	-177	contig_29_18	1
298	-176	contig_29_18	1
299	-175	contig_29_18	1
300	-174	contig_29_18	1
301	-354	contig_29_18	1
302	-353	contig_29_18	1
303	-352	contig_29_18	1
304	-351	contig_29_18	1
305	-350	contig_29_18	1
306	-349	contig_29_18	1
307	-348	contig_29_18	1
308	-347	contig_29_18	1
309	-346	contig_29_18	1
310	-345	contig_29_18	1
311	-344	contig_29_18	1
312	-343	contig_29_18	1
313	-342	contig_29_18	1
314	-341	contig_29_18	1
315	-340	contig_29_18	1
316	-339	contig_29_18	1
317	-338	contig_29_18	1
318	-337	contig_29_18	1
319	-336	contig_29_18	1
320	-335	contig_29_18	1
321	-334	contig_29_18	1
322	-333	contig_29_18	1
323	-332	contig_29_18	1
324	80	contig_29_18	1
325	81	contig_29_18	1
326	82	contig_29_18	1
327	-421	contig_29_18	1
328	-363	contig_29_18	1
329	-466	contig_29_18	1
330	-465	contig_29_18	1
331	-464	contig_29_18	1
332	-463	contig_29_18	1
333	-462	contig_29_18	1
334	-362	contig_29_18	1
335	-361	contig_29_18	1
336	-360	contig_29_18	1
337	-197	contig_29_18	1
338	-196	contig_29_18	1
339	-331	contig_29_18	1
340	-330	contig_29_18	1
341	-329	contig_29_18	1
342	-328	contig_29_18	1
343	-327	contig_29_18	1
344	-326	contig_29_18	1
345	-325	contig_29_18	1
346	-324	contig_29_18	1
347	-323	contig_29_18	1
348	-322	contig_29_18	1
349	-321	contig_29_18	1
350	-320	contig_29_18	1
351	-319	contig_29_18	1
352	-318	contig_29_18	1
353	-317	contig_29_18	1
354	-316	contig_29_18	1
355	-315	contig_29_18	1
356	-314	contig_29_18	1
357	-313	contig_29_18	1
358	-312	contig_29_18	1
359	-311	contig_29_18	1
360	-310	contig_29_18	1
361	-309	contig_29_18	1
362	673	contig_29_18	1
363	674	contig_29_18	1
364	675	contig_29_18	1
365	676	contig_29_18	1
366	677	contig_29_18	1
367	678	contig_29_18	1
368	679	contig_29_18	1
369	680	contig_29_18	1
370	681	contig_29_18	1
371	682	contig_29_18	1
372	683	contig_29_18	1
373	684	contig_29_18	1
374	685	contig_29_18	1
375	686	contig_29_18	1
376	687	contig_29_18	1
377	688	contig_29_18	1
378	689	contig_29_18	1
379	690	contig_29_18	1
380	691	contig_29_18	1
381	692	contig_29_18	1
382	693	contig_29_18	1
383	694	contig_29_18	1
384	695	contig_29_18	1
385	696	contig_29_18	1
386	697	contig_29_18	1
387	698	contig_29_18	1
388	699	contig_29_18	1
389	700	contig_29_18	1
390	751	contig_29_18	1
391	-558	contig_29_18	1
392	70	contig_29_18	1
393	71	contig_29_18	1
394	657	contig_29_18	1
395	658	contig_29_18	1
396	659	contig_29_18	1
397	-557	contig_29_18	1
398	746	contig_29_18	1
399	747	contig_29_18	1
400	748	contig_29_18	1
401	749	contig_29_18	1
402	750	contig_29_18	1
403	-556	contig_29_18	1
404	-555	contig_29_18	1
405	38	contig_29_18	1
406	39	contig_29_18	1
407	40	contig_29_18	1
408	41	contig_29_18	1
409	-440	contig_29_18	1
410	-439	contig_29_18	1
411	-438	contig_29_18	1
412	-104	contig_29_18	1
413	-103	contig_29_18	1
414	-102	contig_29_18	1
415	-101	contig_29_18	1
416	-100	contig_29_18	1
417	-437	contig_29_18	1
418	-436	contig_29_18	1
419	-435	contig_29_18	1
420	-434	contig_29_18	1
421	-433	contig_29_18	1
422	-432	contig_29_18	1
423	-431	contig_29_18	1
424	-430	contig_29_18	1
425	-429	contig_29_18	1
426	-465	contig_29_18	1
427	-464	contig_29_18	1
428	-463	contig_29_18	1
429	-462	contig_29_18	1
430	-461	contig_29_18	1
431	-428	contig_29_18	1
432	-427	contig_29_18	1
433	-426	contig_29_18	1
434	-425	contig_29_18	1
435	-424	contig_29_18	1
436	-423	contig_29_18	1
437	-422	contig_29_18	1
438	-421	contig_29_18	1
439	-420	contig_29_18	1
440	84	contig_29_18	1
441	85	contig_29_18	1
442	86	contig_29_18	1
443	87	contig_29_18	1
444	88	contig_29_18	1
445	-419	contig_29_18	1
446	-418	contig_29_18	1
447	-417	contig_29_18	1
448	-416	contig_29_18	1
449	-415	contig_29_18	1
450	-414	contig_29_18	1
451	-413	contig_29_18	1
452	-412	contig_29_18	1
453	-411	contig_29_18	1
454	-410	contig_29_18	1
455	-409	contig_29_18	1
456	-408	contig_29_18	1
457	-407	contig_29_18	1
458	-406	contig_29_18	1
459	-405	contig_29_18	1
460	-284	contig_29_18	1
461	-283	contig_29_18	1
462	-282	contig_29_18	1
463	490	contig_29_18	1
464	491	contig_29_18	1
465	492	contig_29_18	1
466	493	contig_29_18	1
467	940	contig_29_18	1
468	941	contig_29_18	1
469	942	contig_29_18	1
470	868	contig_29_18	1
471	-73	contig_29_18	1
472	494	contig_29_18	1
473	495	contig_29_18	1
474	496	contig_29_18	1
475	497	contig_29_18	1
476	498	contig_29_18	1
477	499	contig_29_18	1
478	500	contig_29_18	1
479	501	contig_29_18	1
480	502	contig_29_18	1
481	503	contig_29_18	1
482	504	contig_29_18	1
483	505	contig_29_18	1
484	506	contig_29_18	1
485	507	contig_29_18	1
486	101	contig_29_18	1
487	464	contig_29_18	1
488	465	contig_29_18	1
489	466	contig_29_18	1
490	467	contig_29_18	1
491	508	contig_29_18	1
492	509	contig_29_18	1
493	510	contig_29_18	1
494	614	contig_29_18	1
495	615	contig_29_18	1
496	616	contig_29_18	1
497	617	contig_29_18	1
498	618	contig_29_18	1
499	511	contig_29_18	1
500	512	contig_29_18	1
501	513	contig_29_18	1
502	514	contig_29_18	1
503	515	contig_29_18	1
504	516	contig_29_18	1
505	98	contig_29_18	1
506	99	contig_29_18	1
507	100	contig_29_18	1
508	101	contig_29_18	1
509	102	contig_29_18	1
510	463	contig_29_18	1
511	-720	contig_29_18	1
512	-719	contig_29_18	1
513	-718	contig_29_18	1
514	-667	contig_29_18	1
515	104	contig_29_18	1
516	105	contig_29_18	1
517	106	contig_29_18	1
518	107	contig_29_18	1
519	108	contig_29_18	1
520	-666	contig_29_18	1
521	-665	contig_29_18	1
522	-664	contig_29_18	1
523	-663	contig_29_18	1
524	-662	contig_29_18	1
525	-661	contig_29_18	1
526	-660	contig_29_18	1
527	-659	contig_29_18	1
528	-658	contig_29_18	1
529	-657	contig_29_18	1
530	-656	contig_29_18	1
531	-655	contig_29_18	1
532	-654	contig_29_18	1
533	-722	contig_29_18	1
534	-721	contig_29_18	1
535	946	contig_29_18	1
536	947	contig_29_18	1
537	948	contig_29_18	1
538	949	contig_29_18	1
539	950	contig_29_18	1
540	951	contig_29_18	1
541	952	contig_29_18	1
542	953	contig_29_18	1
543	954	contig_29_18	1
544	955	contig_29_18	1
545	956	contig_29_18	1
546	957	contig_29_18	1
547	958	contig_29_18	1
548	959	contig_29_18	1
549	960	contig_29_18	1
550	961	contig_29_18	1
551	962	contig_29_18	1
552	-824	contig_29_18	1
553	-823	contig_29_18	1
554	431	contig_29_18	1
555	464	contig_29_18	1
556	465	contig_29_18	1
557	466	contig_29_18	1
558	467	contig_29_18	1
559	103	contig_29_18	1
560	197	contig_29_18	1
561	360	contig_29_18	1
562	361	contig_29_18	1
563	362	contig_29_18	1
564	462	contig_29_18	1
565	104	contig_29_18	1
566	105	contig_29_18	1
567	106	contig_29_18	1
568	-825	contig_29_18	1
569	-116	contig_29_18	1
570	-115	contig_29_18	1
571	-114	contig_29_18	1
572	-113	contig_29_18	1
573	-112	contig_29_18	1
574	-753	contig_29_18	1
575	-752	contig_29_18	1
576	778	contig_29_18	1
577	779	contig_29_18	1
578	780	contig_29_18	1
579	781	contig_29_18	1
580	782	contig_29_18	1
581	783	contig_29_18	1
582	784	contig_29_18	1
583	785	contig_29_18	1
584	786	contig_29_18	1
585	787	contig_29_18	1
586	788	contig_29_18	1
587	789	contig_29_18	1
588	790	contig_29_18	1
589	791	contig_29_18	1
590	792	contig_29_18	1
591	793	contig_29_18	1
592	-150	contig_29_18	1
593	-149	contig_29_18	1
594	-148	contig_29_18	1
595	-147	contig_29_18	1
596	-146	contig_29_18	1
597	794	contig_29_18	1
598	795	contig_29_18	1
599	796	contig_29_18	1
600	797	contig_29_18	1
601	798	contig_29_18	1
602	799	contig_29_18	1
603	800	contig_29_18	1
604	801	contig_29_18	1
605	802	contig_29_18	1
606	803	contig_29_18	1
607	743	contig_29_18	1
608	744	contig_29_18	1
609	745	contig_29_18	1
610	265	contig_29_18	1
611	266	contig_29_18	1
612	267	contig_29_18	1
613	268	contig_29_18	1
614	269	contig_29_18	1
615	270	contig_29_18	1
616	271	contig_29_18	1
617	272	contig_29_18	1
618	273	contig_29_18	1
619	274	contig_29_18	1
620	275	contig_29_18	1
621	276	contig_29_18	1
622	277	contig_29_18	1
623	278	contig_29_18	1
624	279	contig_29_18	1
625	280	contig_29_18	1
626	281	contig_29_18	1
627	282	contig_29_18	1
628	283	contig_29_18	1
629	284	contig_29_18	1
630	285	contig_29_18	1
631	286	contig_29_18	1
632	287	contig_29_18	1
633	288	contig_29_18	1
634	289	contig_29_18	1
635	290	contig_29_18	1
636	291	contig_29_18	1
637	292	contig_29_18	1
638	293	contig_29_18	1
639	294	contig_29_18	1
640	295	contig_29_18	1
641	296	contig_29_18	1
642	297	contig_29_18	1
643	298	contig_29_18	1
644	299	contig_29_18	1
645	300	contig_29_18	1
646	301	contig_29_18	1
647	302	contig_29_18	1
648	303	contig_29_18	1
649	304	contig_29_18	1
650	305	contig_29_18	1
651	306	contig_29_18	1
652	833	contig_29_18	1
653	834	contig_29_18	1
654	835	contig_29_18	1
655	836	contig_29_18	1
656	837	contig_29_18	1
657	307	contig_29_18	1
658	308	contig_29_18	1
659	-672	contig_29_18	1
660	-671	contig_29_18	1
661	-670	contig_29_18	1
662	-669	contig_29_18	1
663	93	contig_29_18	1
664	453	contig_29_18	1
665	454	contig_29_18	1
666	455	contig_29_18	1
667	456	contig_29_18	1
668	457	contig_29_18	1
669	458	contig_29_18	1
670	459	contig_29_18	1
671	460	contig_29_18	1
672	461	contig_29_18	1
673	462	contig_29_18	1
674	463	contig_29_18	1
675	-204	contig_29_18	1
676	-203	contig_29_18	1
677	99	contig_29_18	1
678	100	contig_29_18	1
679	101	contig_29_18	1
680	464	contig_29_18	1
681	465	contig_29_18	1
682	466	contig_29_18	1
683	467	contig_29_18	1
684	470	contig_29_18	1
685	471	contig_29_18	1
686	472	contig_29_18	1
687	473	contig_29_18	1
688	474	contig_29_18	1
689	468	contig_29_18	1
690	469	contig_29_18	1
691	470	contig_29_18	1
692	471	contig_29_18	1
693	472	contig_29_18	1
694	473	contig_29_18	1
695	474	contig_29_18	1
696	475	contig_29_18	1
697	476	contig_29_18	1
698	477	contig_29_18	1
699	-198	contig_29_18	1
700	83	contig_29_18	1
701	84	contig_29_18	1
702	85	contig_29_18	1
703	86	contig_29_18	1
704	478	contig_29_18	1
705	479	contig_29_18	1
706	480	contig_29_18	1
707	481	contig_29_18	1
708	482	contig_29_18	1
709	483	contig_29_18	1
710	484	contig_29_18	1
711	485	contig_29_18	1
712	667	contig_29_18	1
713	668	contig_29_18	1
714	669	contig_29_18	1
715	670	contig_29_18	1
716	671	contig_29_18	1
717	486	contig_29_18	1
718	487	contig_29_18	1
719	488	contig_29_18	1
720	489	contig_29_18	1
721	80	contig_29_18	1
722	81	contig_29_18	1
723	82	contig_29_18	1
724	-197	contig_29_18	1
725	-196	contig_29_18	1
726	15	contig_29_18	1
727	16	contig_29_18	1
728	17	contig_29_18	1
729	97	contig_29_18	1
730	896	contig_29_18	1
731	897	contig_29_18	1
732	898	contig_29_18	1
733	899	contig_29_18	1
734	900	contig_29_18	1
735	901	contig_29_18	1
736	902	contig_29_18	1
737	903	contig_29_18	1
738	904	contig_29_18	1
739	905	contig_29_18	1
740	906	contig_29_18	1
741	907	contig_29_18	1
742	908	contig_29_18	1
743	909	contig_29_18	1
744	910	contig_29_18	1
745	911	contig_29_18	1
746	912	contig_29_18	1
747	913	contig_29_18	1
748	914	contig_29_18	1
749	915	contig_29_18	1
750	916	contig_29_18	1
751	941	contig_29_18	1
752	467	contig_29_18	1
753	882	contig_29_18	1
754	883	contig_29_18	1
755	884	contig_29_18	1
756	885	contig_29_18	1
757	886	contig_29_18	1
758	887	contig_29_18	1
759	888	contig_29_18	1
760	889	contig_29_18	1
761	890	contig_29_18	1
762	891	contig_29_18	1
763	892	contig_29_18	1
764	893	contig_29_18	1
765	894	contig_29_18	1
766	895	contig_29_18	1
767	-708	contig_29_18	1
768	-707	contig_29_18	1
769	-706	contig_29_18	1
770	-705	contig_29_18	1
771	-704	contig_29_18	1
772	-703	contig_29_18	1
773	-702	contig_29_18	1
774	-959	contig_29_18	1
775	-958	contig_29_18	1
776	-957	contig_29_18	1
777	-956	contig_29_18	1
778	-955	contig_29_18	1
779	-701	contig_29_18	1
780	-755	contig_29_18	1
781	-754	contig_29_18	1
782	988	contig_29_18	1
783	989	contig_29_18	1
784	990	contig_29_18	1
785	991	contig_29_18	1
786	992	contig_29_18	1
787	993	contig_29_18	1
788	360	contig_29_18	1
789	361	contig_29_18	1
790	362	contig_29_18	1
791	363	contig_29_18	1
792	421	contig_29_18	1
793	994	contig_29_18	1
794	995	contig_29_18	1
795	996	contig_29_18	1
796	997	contig_29_18	1
797	998	contig_29_18	1
798	999	contig_29_18	1
799	1000	contig_29_18	1
800	727	contig_29_18	1
801	728	contig_29_18	1
802	729	contig_29_18	1
803	730	contig_29_18	1
804	731	contig_29_18	1
805	963	contig_29_18	1
806	964	contig_29_18	1
807	965	contig_29_18	1
808	966	contig_29_18	1
809	967	contig_29_18	1
810	968	contig_29_18	1
811	969	contig_29_18	1
812	970	contig_29_18	1
813	971	contig_29_18	1
814	972	contig_29_18	1
815	973	contig_29_18	1
816	974	contig_29_18	1
817	975	contig_29_18	1
818	976	contig_29_18	1
819	977	contig_29_18	1
820	978	contig_29_18	1
821	979	contig_29_18	1
822	980	contig_29_18	1
823	-435	contig_29_18	1
824	944	contig_29_18	1
825	945	contig_29_18	1
826	946	contig_29_18	1
827	947	contig_29_18	1
828	948	contig_29_18	1
829	-434	contig_29_18	1
830	-433	contig_29_18	1
831	-432	contig_29_18	1
832	-431	contig_29_18	1
833	981	contig_29_18	1
834	982	contig_29_18	1
835	983	contig_29_18	1
836	984	contig_29_18	1
837	985	contig_29_18	1
838	986	contig_29_18	1
839	987	contig_29_18	1
840	-629	contig_29_18	1
841	-628	contig_29_18	1
842	-627	contig_29_18	1
843	-626	contig_29_18	1
844	-625	contig_29_18	1
845	-624	contig_29_18	1
846	-623	contig_29_18	1
847	-622	contig_29_18	1
848	-621	contig_29_18	1
849	-620	contig_29_18	1
850	-757	contig_29_18	1
851	-756	contig_29_18	1
852	-755	contig_29_18	1
853	-754	contig_29_18	1
854	-753	contig_29_18	1
855	-619	contig_29_18	1
856	-618	contig_29_18	1
857	-617	contig_29_18	1
858	-616	contig_29_18	1
859	-615	contig_29_18	1
860	-614	contig_29_18	1
861	-613	contig_29_18	1
862	-612	contig_29_18	1
863	-611	contig_29_18	1
864	-610	contig_29_18	1
865	-609	contig_29_18	1
866	-608	contig_29_18	1
867	-607	contig_29_18	1
868	-606	contig_29_18	1
869	-605	contig_29_18	1
870	-604	contig_29_18	1
871	-603	contig_29_18	1
872	-602	contig_29_18	1
873	-601	contig_29_18	1
874	-600	contig_29_18	1
875	-599	contig_29_18	1
876	-598	contig_29_18	1
877	-597	contig_29_18	1
878	917	contig_29_18	1
879	918	contig_29_18	1
880	919	contig_29_18	1
881	920	contig_29_18	1
882	921	contig_29_18	1
883	922	contig_29_18	1
884	923	contig_29_18	1
885	924	contig_29_18	1
886	925	contig_29_18	1
887	926	contig_29_18	1
888	927	contig_29_18	1
889	928	contig_29_18	1
890	169	contig_29_18	1
891	170	contig_29_18	1
892	171	contig_29_18	1
893	172	contig_29_18	1
894	173	contig_29_18	1
895	929	contig_29_18	1
896	930	contig_29_18	1
897	931	contig_29_18	1
898	932	contig_29_18	1
899	933	contig_29_18	1
900	-440	contig_29_18	1
901	-439	contig_29_18	1
902	-438	contig_29_18	1
903	-437	contig_29_18	1
904	-436	contig_29_18	1
905	934	contig_29_18	1
906	935	contig_29_18	1
907	936	contig_29_18	1
908	937	contig_29_18	1
909	938	contig_29_18	1
910	939	contig_29_18	1
911	940	contig_29_18	1
912	941	contig_29_18	1
913	942	contig_29_18	1
914	943	contig_29_18	1
915	944	contig_29_18	1
916	945	contig_29_18	1
917	537	contig_29_18	1
918	538	contig_29_18	1
919	539	contig_29_18	1
920	540	contig_29_18	1
921	541	contig_29_18	1
922	487	contig_29_18	1
923	488	contig_29_18	1
924	489	contig_29_18	1
925	490	contig_29_18	1
926	538	contig_29_18	1
927	539	contig_29_18	1
928	540	contig_29_18	1
929	541	contig_29_18	1
930	487	contig_29_18	1
931	491	contig_29_18	1
932	542	contig_29_18	1
933	543	contig_29_18	1
934	-72	contig_29_18	1
935	-661	contig_29_18	1
936	-660	contig_29_18	1
937	-659	contig_29_18	1
938	869	contig_29_18	1
939	-447	contig_29_18	1
940	-446	contig_29_18	1
941	-445	contig_29_18	1
942	-444	contig_29_18	1
943	-443	contig_29_18	1
944	-442	contig_29_18	1
945	439	contig_29_18	1
946	440	contig_29_18	1
947	-933	contig_29_18	1
948	-932	contig_29_18	1
949	-931	contig_29_18	1
950	-441	contig_29_18	1
951	-81	contig_29_18	1
952	-80	contig_29_18	1
953	-79	contig_29_18	1
954	-78	contig_29_18	1
955	36	contig_29_18	1
956	519	contig_29_18	1
957	520	contig_29_18	1
958	521	contig_29_18	1
959	522	contig_29_18	1
960	523	contig_29_18	1
961	524	contig_29_18	1
962	525	contig_29_18	1
963	526	contig_29_18	1
964	527	contig_29_18	1
965	528	contig_29_18	1
966	529	contig_29_18	1
967	530	contig_29_18	1
968	531	contig_29_18	1
969	-109	contig_29_18	1
970	-108	contig_29_18	1
971	-107	contig_29_18	1
972	-106	contig_29_18	1
973	-105	contig_29_18	1
974	532	contig_29_18	1
975	533	contig_29_18	1
976	534	contig_29_18	1
977	535	contig_29_18	1
978	536	contig_29_18	1
979	-635	contig_29_18	1
980	-634	contig_29_18	1
981	-633	contig_29_18	1
982	-632	contig_29_18	1
983	-785	contig_29_18	1
984	-784	contig_29_18	1
985	-783	contig_29_18	1
986	878	contig_29_18	1
987	300	contig_29_18	1
988	301	contig_29_18	1
989	302	contig_29_18	1
990	303	contig_29_18	1
991	304	contig_29_18	1
992	879	contig_29_18	1
993	-458	contig_29_18	1
994	-457	contig_29_18	1
995	-114	contig_29_18	1
996	-113	contig_29_18	1
997	-112	contig_29_18	1
998	-111	contig_29_18	1
999	-110	contig_29_18	1
1000	-456	contig_29_18	1
1001	-455	contig_29_18	1
1002	-454	contig_29_18	1
1003	880	contig_29_18	1
1004	881	contig_29_18	1
1005	463	contig_29_18	1
1006	464	contig_29_18	1
1007	465	contig_29_18	1
1008	466	contig_29_18	1
1009	937	contig_29_18	1
1010	938	contig_29_18	1
1011	939	contig_29_18	1
1012	940	contig_29_18	1
1013	746	contig_29_18	1
1014	747	contig_29_18	1
1015	804	contig_29_18	1
1016	805	contig_29_18	1
1017	806	contig_29_18	1
1018	807	contig_29_18	1
1019	941	contig_29_18	1
1020	942	contig_29_18	1
1021	868	contig_29_18	1
1022	869	contig_29_18	1
1023	870	contig_29_18	1
1024	808	contig_29_18	1
1025	809	contig_29_18	1
1026	810	contig_29_18	1
1027	811	contig_29_18	1
1028	812	contig_29_18	1
1029	813	contig_29_18	1
1030	814	contig_29_18	1
1031	-434	contig_29_18	1
1032	-433	contig_29_18	1
1033	-432	contig_29_18	1
1034	-431	contig_29_18	1
1035	-430	contig_29_18	1
1036	815	contig_29_18	1
1037	816	contig_29_18	1
1038	817	contig_29_18	1
1039	818	contig_29_18	1
1040	819	contig_29_18	1
1041	820	contig_29_18	1
1042	821	contig_29_18	1
1043	822	contig_29_18	1
1044	-435	contig_29_18	1
1045	-434	contig_29_18	1
1046	-433	contig_29_18	1
1047	-432	contig_29_18	1
1048	-431	contig_29_18	1
1049	823	contig_29_18	1
1050	824	contig_29_18	1
1051	825	contig_29_18	1
1052	826	contig_29_18	1
1053	827	contig_29_18	1
1054	828	contig_29_18	1
1055	829	contig_29_18	1
1056	830	contig_29_18	1
1057	831	contig_29_18	1
1058	832	contig_29_18	1
1059	833	contig_29_18	1
1060	834	contig_29_18	1
1061	835	contig_29_18	1
1062	836	contig_29_18	1
1063	837	contig_29_18	1
1064	838	contig_29_18	1
1065	839	contig_29_18	1
1066	840	contig_29_18	1
1067	841	contig_29_18	1
1068	842	contig_29_18	1
1069	843	contig_29_18	1
1070	844	contig_29_18	1
1071	845	contig_29_18	1
1072	846	contig_29_18	1
1073	847	contig_29_18	1
1074	848	contig_29_18	1
1075	849	contig_29_18	1
1076	850	contig_29_18	1
1077	851	contig_29_18	1
1078	852	contig_29_18	1
1079	853	contig_29_18	1
1080	854	contig_29_18	1
1081	855	contig_29_18	1
1082	856	contig_29_18	1
1083	857	contig_29_18	1
1084	858	contig_29_18	1
1085	859	contig_29_18	1
1086	860	contig_29_18	1
1087	861	contig_29_18	1
1088	862	contig_29_18	1
1089	863	contig_29_18	1
1090	864	contig_29_18	1
1091	865	contig_29_18	1
1092	866	contig_29_18	1
1093	867	contig_29_18	1
1094	938	contig_29_18	1
1095	939	contig_29_18	1
1096	940	contig_29_18	1
1097	941	contig_29_18	1
1098	942	contig_29_18	1
1099	868	contig_29_18	1
1100	-73	contig_29_18	1
1101	-72	contig_29_18	1
1102	-661	contig_29_18	1
1103	-660	contig_29_18	1
1104	-659	contig_29_18	1
1105	869	contig_29_18	1
1106	870	contig_29_18	1
1107	871	contig_29_18	1
1108	872	contig_29_18	1
1109	873	contig_29_18	1
1110	874	contig_29_18	1
1111	875	contig_29_18	1
1112	876	contig_29_18	1
1113	877	contig_29_18	1
1114	-782	contig_29_18	1
1115	-781	contig_29_18	1
1116	-631	contig_29_18	1
1117	-630	contig_29_18	1
1118	-58	contig_29_18	1
1119	-57	contig_29_18	1
1120	-56	contig_29_18	1
1121	-55	contig_29_18	1
1122	-54	contig_29_18	1
1123	-53	contig_29_18	1
1124	-52	contig_29_18	1
1125	-51	contig_29_18	1
1126	-50	contig_29_18	1
1127	-49	contig_29_18	1
1128	-48	contig_29_18	1
1129	-47	contig_29_18	1
1130	-46	contig_29_18	1
1131	-45	contig_29_18	1
1132	-44	contig_29_18	1
1133	-43	contig_29_18	1
1134	-42	contig_29_18	1
1135	-41	contig_29_18	1
1136	-40	contig_29_18	1
1137	-39	contig_29_18	1
1138	-457	contig_29_18	1
1139	517	contig_29_18	1
1140	518	contig_29_18	1
1141	-456	contig_29_18	1
1142	-455	contig_29_18	1
1143	-454	contig_29_18	1
1144	-453	contig_29_18	1
1145	-38	contig_29_18	1
1146	-73	contig_29_18	1
1147	-72	contig_29_18	1
1148	-661	contig_29_18	1
1149	-660	contig_29_18	1
1150	-659	contig_29_18	1
1151	-37	contig_29_18	1
1152	-36	contig_29_18	1
1153	78	contig_29_18	1
1154	79	contig_29_18	1
1155	-76	contig_29_18	1
1156	-75	contig_29_18	1
1157	-74	contig_29_18	1
1158	-73	contig_29_18	1
1159	-72	contig_29_18	1
1160	-661	contig_29_18	1
1161	42	contig_29_18	1
1162	-554	contig_29_18	1
1163	-553	contig_29_18	1
1164	-552	contig_29_18	1
1165	-551	contig_29_18	1
1166	-550	contig_29_18	1
1167	-549	contig_29_18	1
1168	-548	contig_29_18	1
1169	-547	contig_29_18	1
1170	-546	contig_29_18	1
1171	-545	contig_29_18	1
1172	-544	contig_29_18	1
1173	448	contig_29_18	1
1174	449	contig_29_18	1
1175	450	contig_29_18	1
1176	451	contig_29_18	1
1177	452	contig_29_18	1
1178	89	contig_29_18	1
1179	90	contig_29_18	1
1180	91	contig_29_18	1
1181	92	contig_29_18	1
1182	-668	contig_29_18	1
1183	-596	contig_29_18	1
1184	503	contig_29_18	1
1185	504	contig_29_18	1
1186	209	contig_29_18	1
1187	210	contig_29_18	1
1188	211	contig_29_18	1
1189	212	contig_29_18	1
1190	213	contig_29_18	1
1191	214	contig_29_18	1
1192	215	contig_29_18	1
1193	216	contig_29_18	1
1194	217	contig_29_18	1
1195	218	contig_29_18	1
1196	167	contig_29_18	1
1197	168	contig_29_18	1
1198	169	contig_29_18	1
1199	170	contig_29_18	1
1200	171	contig_29_18	1
1201	219	contig_29_18	1
1202	220	contig_29_18	1
1203	221	contig_29_18	1
1204	222	contig_29_18	1
1205	223	contig_29_18	1
1206	224	contig_29_18	1
1207	225	contig_29_18	1
1208	226	contig_29_18	1
1209	227	contig_29_18	1
1210	228	contig_29_18	1
1211	229	contig_29_18	1
1212	230	contig_29_18	1
1213	231	contig_29_18	1
1214	232	contig_29_18	1
1215	233	contig_29_18	1
1216	234	contig_29_18	1
1217	235	contig_29_18	1
1218	236	contig_29_18	1
1219	237	contig_29_18	1
1220	238	contig_29_18	1
1221	239	contig_29_18	1
1222	240	contig_29_18	1
1223	121	contig_29_18	1
1224	122	contig_29_18	1
1225	123	contig_29_18	1
1226	124	contig_29_18	1
1227	125	contig_29_18	1
1228	126	contig_29_18	1
1229	127	contig_29_18	1
1230	128	contig_29_18	1
1231	129	contig_29_18	1
1232	130	contig_29_18	1
1233	131	contig_29_18	1
1234	132	contig_29_18	1
1235	133	contig_29_18	1
1236	134	contig_29_18	1
1237	135	contig_29_18	1
1238	136	contig_29_18	1
1239	137	contig_29_18	1
1240	138	contig_29_18	1
1241	139	contig_29_18	1
1242	140	contig_29_18	1
1243	141	contig_29_18	1
1244	142	contig_29_18	1
1245	143	contig_29_18	1
1246	-244	contig_29_18	1
1247	-243	contig_29_18	1
1248	-776	contig_29_18	1
1249	-775	contig_29_18	1
1250	-774	contig_29_18	1
1251	144	contig_29_18	1
1252	145	contig_29_18	1
1253	146	contig_29_18	1
1254	147	contig_29_18	1
1255	148	contig_29_18	1
1256	149	contig_29_18	1
1257	150	contig_29_18	1
1258	151	contig_29_18	1
1259	152	contig_29_18	1
1260	153	contig_29_18	1
1261	154	contig_29_18	1
1262	155	contig_29_18	1
1263	156	contig_29_18	1
1264	157	contig_29_18	1
1265	158	contig_29_18	1
1266	159	contig_29_18	1
1267	160	contig_29_18	1
1268	161	contig_29_18	1
1269	-261	contig_29_18	1
1270	-260	contig_29_18	1
1271	-259	contig_29_18	1
1272	-258	contig_29_18	1
1273	-257	contig_29_18	1
1274	162	contig_29_18	1
1275	163	contig_29_18	1
1276	164	contig_29_18	1
1277	165	contig_29_18	1
1278	166	contig_29_18	1
1279	167	contig_29_18	1
1280	168	contig_29_18	1
1281	169	contig_29_18	1
1282	170	contig_29_18	1
1283	171	contig_29_18	1
1284	172	contig_29_18	1
1285	173	contig_29_18	1
1286	174	contig_29_18	1
1287	175	contig_29_18	1
1288	176	contig_29_18	1
1289	177	contig_29_18	1
1290	178	contig_29_18	1
1291	179	contig_29_18	1
1292	180	contig_29_18	1
1293	181	contig_29_18	1
1294	182	contig_29_18	1
1295	183	contig_29_18	1
1296	184	contig_29_18	1
1297	185	contig_29_18	1
1298	186	contig_29_18	1
1299	187	contig_29_18	1
1300	188	contig_29_18	1
1301	189	contig_29_18	1
1302	190	contig_29_18	1
1303	191	contig_29_18	1
1304	192	contig_29_18	1
1305	193	contig_29_18	1
1306	194	contig_29_18	1
1307	195	contig_29_18	1
1308	-19	contig_29_18	1
1309	-18	contig_29_18	1
1310	-96	contig_29_18	1
1311	-95	contig_29_18	1
1312	-433	contig_29_18	1
1313	-432	contig_29_18	1
1314	-431	contig_29_18	1
1315	823	contig_29_18	1
1316	-63	contig_29_18	1
1317	-62	contig_29_18	1
1318	-61	contig_29_18	1
1319	-60	contig_29_18	1
1320	-59	contig_29_18	1
1321	-660	contig_29_18	1
1322	300	contig_29_18	1
1323	301	contig_29_18	1
1324	302	contig_29_18	1
1325	303	contig_29_18	1
1326	304	contig_29_18	1
1327	-659	contig_29_18	1
1328	-658	contig_29_18	1
1329	-657	contig_29_18	1
1330	-71	contig_29_18	1
1331	-70	contig_29_18	1
1332	-69	contig_29_18	1
1333	-68	contig_29_18	1
1334	-67	contig_29_18	1
1335	-66	contig_29_18	1
1336	254	contig_29_18	1
1337	255	contig_29_18	1
1338	256	contig_29_18	1
1339	257	contig_29_18	1
1340	258	contig_29_18	1
1341	-65	contig_29_18	1
1342	-64	contig_29_18	1
1343	-434	contig_29_18	1
1344	1	contig_29_18	1
1345	2	contig_29_18	1
1346	3	contig_29_18	1
1347	4	contig_29_18	1
1348	5	contig_29_18	1
1349	6	contig_29_18	1
1350	106	contig_29_18	1
1351	432	contig_29_18	1
1352	107	contig_29_18	1
1353	108	contig_29_18	1
1354	109	contig_29_18	1
1355	110	contig_29_18	1
1356	111	contig_29_18	1
1357	112	contig_29_18	1
1358	113	contig_29_18	1
1359	114	contig_29_18	1
1360	115	contig_29_18	1
1361	116	contig_29_18	1
1362	117	contig_29_18	1
1363	786	contig_29_18	1
1364	787	contig_29_18	1
1365	788	contig_29_18	1
1366	789	contig_29_18	1
1367	790	contig_29_18	1
1368	118	contig_29_18	1
1369	119	contig_29_18	1
1370	120	contig_29_18	1
1371	102	contig_29_18	1
1372	103	contig_29_18	1
1373	104	contig_29_18	1
1374	105	contig_29_18	1
1375	500	contig_29_18	1
1376	501	contig_29_18	1
1377	502	contig_29_18	1
1378	503	contig_29_18	1
1379	504	contig_29_18	1
1380	-847	contig_29_18	1
1381	-846	contig_29_18	1
1382	21	contig_29_18	1
1383	22	contig_29_18	1
1384	23	contig_29_18	1
1385	24	contig_29_18	1
1386	25	contig_29_18	1
1387	26	contig_29_18	1
1388	27	contig_29_18	1
1389	28	contig_29_18	1
1390	29	contig_29_18	1
1391	30	contig_29_18	1
1392	31	contig_29_18	1
1393	687	contig_29_18	1
1394	688	contig_29_18	1
1395	689	contig_29_18	1
1396	690	contig_29_18	1
1397	691	contig_29_18	1
1398	32	contig_29_18	1
1399	33	contig_29_18	1
1400	34	contig_29_18	1
1401	35	contig_29_18	1
1402	-77	contig_29_18	1
1403	7	contig_29_18	1
1404	8	contig_29_18	1
1405	9	contig_29_18	1
1406	10	contig_29_18	1
1407	11	contig_29_18	1
1408	12	contig_29_18	1
1409	13	contig_29_18	1
1410	14	contig_29_18	1
1411	15	contig_29_18	1
1412	16	contig_29_18	1
1413	17	contig_29_18	1
1414	18	contig_29_18	1
1415	19	contig_29_18	1
1416	20	contig_29_18	1
1417	-850	contig_29_18	1
1418	-849	contig_29_18	1
1419	-848	contig_29_18	1
1420	-94	contig_29_18	1
1421	-93	contig_29_18	1
1422	-92	contig_29_18	1
1423	-91	contig_29_18	1
1424	-90	contig_29_18	1
1425	-89	contig_29_18	1
1426	-88	contig_29_18	1
1427	-87	contig_29_18	1
1428	-86	contig_29_18	1
1429	-85	contig_29_18	1
1430	-84	contig_29_18	1
1431	-83	contig_29_18	1
1432	198	contig_29_18	1
1433	199	contig_29_18	1
1434	381	contig_29_18	1
1435	382	contig_29_18	1
1436	383	contig_29_18	1
1437	384	contig_29_18	1
1438	385	contig_29_18	1
1439	200	contig_29_18	1
1440	201	contig_29_18	1
1441	202	contig_29_18	1
1442	-103	contig_29_18	1
1443	-102	contig_29_18	1
1444	-101	contig_29_18	1
1445	-100	contig_29_18	1
1446	-99	contig_29_18	1
1447	203	contig_29_18	1
1448	204	contig_29_18	1
1449	205	contig_29_18	1
1450	206	contig_29_18	1
