1	-281	contig_38_37	1
2	-280	contig_38_37	1
3	-404	contig_38_37	1
4	-403	contig_38_37	1
5	-402	contig_38_37	1
6	-401	contig_38_37	1
7	-400	contig_38_37	1
8	-399	contig_38_37	1
9	639	contig_38_37	1
10	640	contig_38_37	1
11	641	contig_38_37	1
12	642	contig_38_37	1
13	643	contig_38_37	1
14	-398	contig_38_37	1
15	-397	contig_38_37	1
16	-396	contig_38_37	1
17	-395	contig_38_37	1
18	-394	contig_38_37	1
19	-393	contig_38_37	1
20	-392	contig_38_37	1
21	-391	contig_38_37	1
22	-390	contig_38_37	1
23	-389	contig_38_37	1
24	-388	contig_38_37	1
25	-344	contig_38_37	1
26	-343	contig_38_37	1
27	-342	contig_38_37	1
28	-341	contig_38_37	1
29	-340	contig_38_37	1
30	-387	contig_38_37	1
31	-386	contig_38_37	1
32	-385	contig_38_37	1
33	-384	contig_38_37	1
34	-383	contig_38_37	1
35	-382	contig_38_37	1
36	-381	contig_38_37	1
37	-380	contig_38_37	1
38	-379	contig_38_37	1
39	-378	contig_38_37	1
40	-377	contig_38_37	1
41	-376	contig_38_37	1
42	-375	contig_38_37	1
43	-374	contig_38_37	1
44	-373	contig_38_37	1
45	-372	contig_38_37	1
46	-371	contig_38_37	1
47	-370	contig_38_37	1
48	-369	contig_38_37	1
49	-368	contig_38_37	1
50	-367	contig_38_37	1
51	-366	contig_38_37	1
52	-365	contig_38_37	1
53	-364	contig_38_37	1
54	-385	contig_38_37	1
55	-384	contig_38_37	1
56	-383	contig_38_37	1
57	-382	contig_38_37	1
58	-381	contig_38_37	1
59	-425	contig_38_37	1
60	-424	contig_38_37	1
61	-14	contig_38_37	1
62	-13	contig_38_37	1
63	-12	contig_38_37	1
64	-11	contig_38_37	1
65	-10	contig_38_37	1
66	-423	contig_38_37	1
67	-422	contig_38_37	1
68	-421	contig_38_37	1
69	-363	contig_38_37	1
70	-362	contig_38_37	1
71	-361	contig_38_37	1
72	-360	contig_38_37	1
73	-359	contig_38_37	1
74	-358	contig_38_37	1
75	-357	contig_38_37	1
76	-356	contig_38_37	1
77	-355	contig_38_37	1
78	-178	contig_38_37	1
79	-177	contig_38_37	1
80	-176	contig_38_37	1
81	-175	contig_38_37	1
82	-174	contig_38_37	1
83	-354	contig_38_37	1
84	-353	contig_38_37	1
85	-352	contig_38_37	1
86	-351	contig_38_37	1
87	-350	contig_38_37	1
88	-349	contig_38_37	1
89	-348	contig_38_37	1
90	-347	contig_38_37	1
91	-346	contig_38_37	1
92	-345	contig_38_37	1
93	-344	contig_38_37	1
94	-343	contig_38_37	1
95	-342	contig_38_37	1
96	-341	contig_38_37	1
97	-340	contig_38_37	1
98	-339	contig_38_37	1
99	-338	contig_38_37	1
100	-337	contig_38_37	1
101	-336	contig_38_37	1
102	-335	contig_38_37	1
103	-334	contig_38_37	1
104	-333	contig_38_37	1
105	-332	contig_38_37	1
106	80	contig_38_37	1
107	81	contig_38_37	1
108	82	contig_38_37	1
109	-421	contig_38_37	1
110	-363	contig_38_37	1
111	-466	contig_38_37	1
112	-465	contig_38_37	1
113	-464	contig_38_37	1
114	-463	contig_38_37	1
115	-462	contig_38_37	1
116	-362	contig_38_37	1
117	-361	contig_38_37	1
118	-360	contig_38_37	1
119	-197	contig_38_37	1
120	-196	contig_38_37	1
121	-331	contig_38_37	1
122	-330	contig_38_37	1
123	-329	contig_38_37	1
124	-328	contig_38_37	1
125	-327	contig_38_37	1
126	-326	contig_38_37	1
127	-325	contig_38_37	1
128	-324	contig_38_37	1
129	-323	contig_38_37	1
130	-322	contig_38_37	1
131	-321	contig_38_37	1
132	-320	contig_38_37	1
133	-319	contig_38_37	1
134	-318	contig_38_37	1
135	-317	contig_38_37	1
136	-316	contig_38_37	1
137	-315	contig_38_37	1
138	-314	contig_38_37	1
139	-313	contig_38_37	1
140	-312	contig_38_37	1
141	-311	contig_38_37	1
142	-310	contig_38_37	1
143	-309	contig_38_37	1
144	673	contig_38_37	1
145	674	contig_38_37	1
146	675	contig_38_37	1
147	676	contig_38_37	1
148	677	contig_38_37	1
149	678	contig_38_37	1
150	679	contig_38_37	1
151	680	contig_38_37	1
152	681	contig_38_37	1
153	682	contig_38_37	1
154	683	contig_38_37	1
155	684	contig_38_37	1
156	685	contig_38_37	1
157	686	contig_38_37	1
158	687	contig_38_37	1
159	688	contig_38_37	1
160	689	contig_38_37	1
161	690	contig_38_37	1
162	691	contig_38_37	1
163	692	contig_38_37	1
164	693	contig_38_37	1
165	694	contig_38_37	1
166	695	contig_38_37	1
167	696	contig_38_37	1
168	697	contig_38_37	1
169	698	contig_38_37	1
170	699	contig_38_37	1
171	700	contig_38_37	1
172	751	contig_38_37	1
173	-558	contig_38_37	1
174	70	contig_38_37	1
175	71	contig_38_37	1
176	657	contig_38_37	1
177	658	contig_38_37	1
178	659	contig_38_37	1
179	-557	contig_38_37	1
180	746	contig_38_37	1
181	747	contig_38_37	1
182	748	contig_38_37	1
183	749	contig_38_37	1
184	750	contig_38_37	1
185	-556	contig_38_37	1
186	-555	contig_38_37	1
187	38	contig_38_37	1
188	39	contig_38_37	1
189	40	contig_38_37	1
190	41	contig_38_37	1
191	-440	contig_38_37	1
192	-439	contig_38_37	1
193	-438	contig_38_37	1
194	-104	contig_38_37	1
195	-103	contig_38_37	1
196	-102	contig_38_37	1
197	-101	contig_38_37	1
198	-100	contig_38_37	1
199	-437	contig_38_37	1
200	-436	contig_38_37	1
201	-435	contig_38_37	1
202	-434	contig_38_37	1
203	-433	contig_38_37	1
204	-432	contig_38_37	1
205	-431	contig_38_37	1
206	-430	contig_38_37	1
207	-429	contig_38_37	1
208	-465	contig_38_37	1
209	-464	contig_38_37	1
210	-463	contig_38_37	1
211	-462	contig_38_37	1
212	-461	contig_38_37	1
213	-428	contig_38_37	1
214	-427	contig_38_37	1
215	-426	contig_38_37	1
216	-425	contig_38_37	1
217	-424	contig_38_37	1
218	-423	contig_38_37	1
219	-422	contig_38_37	1
220	-421	contig_38_37	1
221	-420	contig_38_37	1
222	84	contig_38_37	1
223	85	contig_38_37	1
224	86	contig_38_37	1
225	87	contig_38_37	1
226	88	contig_38_37	1
227	-419	contig_38_37	1
228	-418	contig_38_37	1
229	-417	contig_38_37	1
230	-416	contig_38_37	1
231	-415	contig_38_37	1
232	-414	contig_38_37	1
233	-413	contig_38_37	1
234	-412	contig_38_37	1
235	-411	contig_38_37	1
236	-410	contig_38_37	1
237	-409	contig_38_37	1
238	-408	contig_38_37	1
239	-407	contig_38_37	1
240	-406	contig_38_37	1
241	-405	contig_38_37	1
242	-284	contig_38_37	1
243	-283	contig_38_37	1
244	-282	contig_38_37	1
245	490	contig_33_11	1
246	491	contig_33_11	1
247	492	contig_33_11	1
248	493	contig_33_11	1
249	940	contig_33_11	1
250	941	contig_33_11	1
251	942	contig_33_11	1
252	868	contig_33_11	1
253	-73	contig_33_11	1
254	494	contig_33_11	1
255	495	contig_33_11	1
256	496	contig_33_11	1
257	497	contig_33_11	1
258	498	contig_33_11	1
259	499	contig_33_11	1
260	500	contig_33_11	1
261	501	contig_33_11	1
262	502	contig_33_11	1
263	503	contig_33_11	1
264	504	contig_33_11	1
265	505	contig_33_11	1
266	506	contig_33_11	1
267	507	contig_33_11	1
268	101	contig_33_11	1
269	464	contig_33_11	1
270	465	contig_33_11	1
271	466	contig_33_11	1
272	467	contig_33_11	1
273	508	contig_33_11	1
274	509	contig_33_11	1
275	510	contig_33_11	1
276	614	contig_33_11	1
277	615	contig_33_11	1
278	616	contig_33_11	1
279	617	contig_33_11	1
280	618	contig_33_11	1
281	511	contig_33_11	1
282	512	contig_33_11	1
283	513	contig_33_11	1
284	514	contig_33_11	1
285	515	contig_33_11	1
286	516	contig_33_11	1
287	98	contig_33_11	1
288	99	contig_33_11	1
289	100	contig_33_11	1
290	101	contig_33_11	1
291	102	contig_33_11	1
292	463	contig_33_11	1
293	-720	contig_41_40	1
294	-719	contig_41_40	1
295	-718	contig_41_40	1
296	-667	contig_41_40	1
297	104	contig_41_40	1
298	105	contig_41_40	1
299	106	contig_41_40	1
300	107	contig_41_40	1
301	108	contig_41_40	1
302	-666	contig_41_40	1
303	-665	contig_41_40	1
304	-664	contig_41_40	1
305	-663	contig_41_40	1
306	-662	contig_41_40	1
307	-661	contig_41_40	1
308	-660	contig_41_40	1
309	-659	contig_41_40	1
310	-658	contig_41_40	1
311	-657	contig_41_40	1
312	-656	contig_41_40	1
313	-655	contig_41_40	1
314	-654	contig_41_40	1
315	-722	contig_41_40	1
316	-721	contig_41_40	1
317	946	contig_48	1
318	947	contig_48	1
319	948	contig_48	1
320	949	contig_48	1
321	950	contig_48	1
322	951	contig_48	1
323	952	contig_48	1
324	953	contig_48	1
325	954	contig_48	1
326	955	contig_48	1
327	956	contig_48	1
328	957	contig_48	1
329	958	contig_48	1
330	959	contig_48	1
331	960	contig_48	1
332	961	contig_48	1
333	962	contig_48	1
334	-824	contig_13_12	1
335	-823	contig_13_12	1
336	431	contig_13_12	1
337	464	contig_13_12	1
338	465	contig_13_12	1
339	466	contig_13_12	1
340	467	contig_13_12	1
341	103	contig_13_12	1
342	197	contig_13_12	1
343	360	contig_13_12	1
344	361	contig_13_12	1
345	362	contig_13_12	1
346	462	contig_13_12	1
347	104	contig_13_12	1
348	105	contig_13_12	1
349	106	contig_13_12	1
350	-825	contig_13_12	1
351	-116	contig_21_22	1
352	-115	contig_21_22	1
353	-114	contig_21_22	1
354	-113	contig_21_22	1
355	-112	contig_21_22	1
356	-753	contig_21_22	1
357	-752	contig_21_22	1
358	778	contig_21_22	1
359	779	contig_21_22	1
360	780	contig_21_22	1
361	781	contig_21_22	1
362	782	contig_21_22	1
363	783	contig_21_22	1
364	784	contig_21_22	1
365	785	contig_21_22	1
366	786	contig_21_22	1
367	787	contig_21_22	1
368	788	contig_21_22	1
369	789	contig_21_22	1
370	790	contig_21_22	1
371	791	contig_21_22	1
372	792	contig_21_22	1
373	793	contig_21_22	1
374	-150	contig_21_22	1
375	-149	contig_21_22	1
376	-148	contig_21_22	1
377	-147	contig_21_22	1
378	-146	contig_21_22	1
379	794	contig_21_22	1
380	795	contig_21_22	1
381	796	contig_21_22	1
382	797	contig_21_22	1
383	798	contig_21_22	1
384	799	contig_21_22	1
385	800	contig_21_22	1
386	801	contig_21_22	1
387	802	contig_21_22	1
388	803	contig_21_22	1
389	743	contig_21_22	1
390	744	contig_21_22	1
391	745	contig_21_22	1
392	265	contig_30_31	1
393	266	contig_30_31	1
394	267	contig_30_31	1
395	268	contig_30_31	1
396	269	contig_30_31	1
397	270	contig_30_31	1
398	271	contig_30_31	1
399	272	contig_30_31	1
400	273	contig_30_31	1
401	274	contig_30_31	1
402	275	contig_30_31	1
403	276	contig_30_31	1
404	277	contig_30_31	1
405	278	contig_30_31	1
406	279	contig_30_31	1
407	280	contig_30_31	1
408	281	contig_30_31	1
409	282	contig_30_31	1
410	283	contig_30_31	1
411	284	contig_30_31	1
412	285	contig_30_31	1
413	286	contig_30_31	1
414	287	contig_30_31	1
415	288	contig_30_31	1
416	289	contig_30_31	1
417	290	contig_32_10	1
418	291	contig_32_10	1
419	292	contig_32_10	1
420	293	contig_32_10	1
421	294	contig_32_10	1
422	295	contig_32_10	1
423	296	contig_32_10	1
424	297	contig_32_10	1
425	298	contig_32_10	1
426	299	contig_32_10	1
427	300	contig_32_10	1
428	301	contig_32_10	1
429	302	contig_32_10	1
430	303	contig_32_10	1
431	304	contig_32_10	1
432	305	contig_32_10	1
433	306	contig_32_10	1
434	833	contig_32_10	1
435	834	contig_32_10	1
436	835	contig_32_10	1
437	836	contig_32_10	1
438	837	contig_32_10	1
439	307	contig_32_10	1
440	308	contig_32_10	1
441	-672	contig_32_10	1
442	-671	contig_32_10	1
443	-670	contig_32_10	1
444	-669	contig_32_10	1
445	93	contig_32_10	1
446	453	contig_32_10	1
447	454	contig_32_10	1
448	455	contig_32_10	1
449	456	contig_32_10	1
450	457	contig_32_10	1
451	458	contig_32_10	1
452	459	contig_32_10	1
453	460	contig_32_10	1
454	461	contig_32_10	1
455	462	contig_32_10	1
456	463	contig_32_10	1
457	-204	contig_32_10	1
458	-203	contig_32_10	1
459	99	contig_32_10	1
460	100	contig_32_10	1
461	101	contig_32_10	1
462	464	contig_32_10	1
463	465	contig_32_10	1
464	466	contig_32_10	1
465	467	contig_32_10	1
466	470	contig_32_10	1
467	471	contig_32_10	1
468	472	contig_32_10	1
469	473	contig_32_10	1
470	474	contig_32_10	1
471	468	contig_32_10	1
472	469	contig_32_10	1
473	470	contig_32_10	1
474	471	contig_32_10	1
475	472	contig_32_10	1
476	473	contig_32_10	1
477	474	contig_32_10	1
478	475	contig_32_10	1
479	476	contig_32_10	1
480	477	contig_32_10	1
481	-198	contig_32_10	1
482	83	contig_32_10	1
483	84	contig_32_10	1
484	85	contig_32_10	1
485	86	contig_32_10	1
486	478	contig_32_10	1
487	479	contig_32_10	1
488	480	contig_32_10	1
489	481	contig_32_10	1
490	482	contig_32_10	1
491	483	contig_32_10	1
492	484	contig_32_10	1
493	485	contig_32_10	1
494	667	contig_32_10	1
495	668	contig_32_10	1
496	669	contig_32_10	1
497	670	contig_32_10	1
498	671	contig_32_10	1
499	486	contig_32_10	1
500	487	contig_32_10	1
501	488	contig_32_10	1
502	489	contig_32_10	1
503	80	contig_32_10	1
504	81	contig_32_10	1
505	82	contig_32_10	1
506	-197	contig_32_10	1
507	-196	contig_32_10	1
508	15	contig_32_10	1
509	16	contig_32_10	1
510	17	contig_32_10	1
511	97	contig_32_10	1
512	896	contig_46_45	1
513	897	contig_46_45	1
514	898	contig_46_45	1
515	899	contig_46_45	1
516	900	contig_46_45	1
517	901	contig_46_45	1
518	902	contig_46_45	1
519	903	contig_46_45	1
520	904	contig_46_45	1
521	905	contig_46_45	1
522	906	contig_46_45	1
523	907	contig_46_45	1
524	908	contig_46_45	1
525	909	contig_46_45	1
526	910	contig_46_45	1
527	911	contig_46_45	1
528	912	contig_46_45	1
529	913	contig_46_45	1
530	914	contig_46_45	1
531	915	contig_46_45	1
532	916	contig_46_45	1
533	941	contig_46_45	1
534	467	contig_46_45	1
535	882	contig_46_45	1
536	883	contig_46_45	1
537	884	contig_46_45	1
538	885	contig_46_45	1
539	886	contig_46_45	1
540	887	contig_46_45	1
541	888	contig_46_45	1
542	889	contig_46_45	1
543	890	contig_46_45	1
544	891	contig_46_45	1
545	892	contig_46_45	1
546	893	contig_46_45	1
547	894	contig_46_45	1
548	895	contig_46_45	1
549	-708	contig_19_20	1
550	-707	contig_19_20	1
551	-706	contig_19_20	1
552	-705	contig_19_20	1
553	-704	contig_19_20	1
554	-703	contig_19_20	1
555	-702	contig_19_20	1
556	-959	contig_19_20	1
557	-958	contig_19_20	1
558	-957	contig_19_20	1
559	-956	contig_19_20	1
560	-955	contig_19_20	1
561	-701	contig_19_20	1
562	-755	contig_19_20	1
563	-754	contig_19_20	1
564	988	contig_50_49	1
565	989	contig_50_49	1
566	990	contig_50_49	1
567	991	contig_50_49	1
568	992	contig_50_49	1
569	993	contig_50_49	1
570	360	contig_50_49	1
571	361	contig_50_49	1
572	362	contig_50_49	1
573	363	contig_50_49	1
574	421	contig_50_49	1
575	994	contig_50_49	1
576	995	contig_50_49	1
577	996	contig_50_49	1
578	997	contig_50_49	1
579	998	contig_50_49	1
580	999	contig_50_49	1
581	1000	contig_50_49	1
582	727	contig_50_49	1
583	728	contig_50_49	1
584	729	contig_50_49	1
585	730	contig_50_49	1
586	731	contig_50_49	1
587	963	contig_50_49	1
588	964	contig_50_49	1
589	965	contig_50_49	1
590	966	contig_50_49	1
591	967	contig_50_49	1
592	968	contig_50_49	1
593	969	contig_50_49	1
594	970	contig_50_49	1
595	971	contig_50_49	1
596	972	contig_50_49	1
597	973	contig_50_49	1
598	974	contig_50_49	1
599	975	contig_50_49	1
600	976	contig_50_49	1
601	977	contig_50_49	1
602	978	contig_50_49	1
603	979	contig_50_49	1
604	980	contig_50_49	1
605	-435	contig_50_49	1
606	944	contig_50_49	1
607	945	contig_50_49	1
608	946	contig_50_49	1
609	947	contig_50_49	1
610	948	contig_50_49	1
611	-434	contig_50_49	1
612	-433	contig_50_49	1
613	-432	contig_50_49	1
614	-431	contig_50_49	1
615	981	contig_50_49	1
616	982	contig_50_49	1
617	983	contig_50_49	1
618	984	contig_50_49	1
619	985	contig_50_49	1
620	986	contig_50_49	1
621	987	contig_50_49	1
622	-629	contig_24_25	1
623	-628	contig_24_25	1
624	-627	contig_24_25	1
625	-626	contig_24_25	1
626	-625	contig_24_25	1
627	-624	contig_24_25	1
628	-623	contig_24_25	1
629	-622	contig_24_25	1
630	-621	contig_24_25	1
631	-620	contig_24_25	1
632	-757	contig_24_25	1
633	-756	contig_24_25	1
634	-755	contig_24_25	1
635	-754	contig_24_25	1
636	-753	contig_24_25	1
637	-619	contig_24_25	1
638	-618	contig_24_25	1
639	-617	contig_24_25	1
640	-616	contig_24_25	1
641	-615	contig_24_25	1
642	-614	contig_24_25	1
643	-613	contig_24_25	1
644	-612	contig_24_25	1
645	-611	contig_24_25	1
646	-610	contig_24_25	1
647	-609	contig_24_25	1
648	-608	contig_24_25	1
649	-607	contig_24_25	1
650	-606	contig_24_25	1
651	-605	contig_24_25	1
652	-604	contig_24_25	1
653	-603	contig_24_25	1
654	-602	contig_24_25	1
655	-601	contig_24_25	1
656	-600	contig_24_25	1
657	-599	contig_24_25	1
658	-598	contig_24_25	1
659	-597	contig_24_25	1
660	917	contig_47_36	1
661	918	contig_47_36	1
662	919	contig_47_36	1
663	920	contig_47_36	1
664	921	contig_47_36	1
665	922	contig_47_36	1
666	923	contig_47_36	1
667	924	contig_47_36	1
668	925	contig_47_36	1
669	926	contig_47_36	1
670	927	contig_47_36	1
671	928	contig_47_36	1
672	169	contig_47_36	1
673	170	contig_47_36	1
674	171	contig_47_36	1
675	172	contig_47_36	1
676	173	contig_47_36	1
677	929	contig_47_36	1
678	930	contig_47_36	1
679	931	contig_47_36	1
680	932	contig_47_36	1
681	933	contig_47_36	1
682	-440	contig_47_36	1
683	-439	contig_47_36	1
684	-438	contig_47_36	1
685	-437	contig_47_36	1
686	-436	contig_47_36	1
687	934	contig_47_36	1
688	935	contig_47_36	1
689	936	contig_47_36	1
690	937	contig_47_36	1
691	938	contig_47_36	1
692	939	contig_47_36	1
693	940	contig_47_36	1
694	941	contig_47_36	1
695	942	contig_47_36	1
696	943	contig_47_36	1
697	944	contig_47_36	1
698	945	contig_47_36	1
699	537	contig_47_36	1
700	538	contig_47_36	1
701	539	contig_47_36	1
702	540	contig_47_36	1
703	541	contig_47_36	1
704	487	contig_47_36	1
705	488	contig_47_36	1
706	489	contig_47_36	1
707	490	contig_47_36	1
708	538	contig_47_36	1
709	539	contig_47_36	1
710	540	contig_47_36	1
711	541	contig_47_36	1
712	487	contig_47_36	1
713	491	contig_47_36	1
714	542	contig_47_36	1
715	543	contig_47_36	1
716	-72	contig_47_36	1
717	-661	contig_47_36	1
718	-660	contig_47_36	1
719	-659	contig_47_36	1
720	869	contig_47_36	1
721	-447	contig_47_36	1
722	-446	contig_47_36	1
723	-445	contig_47_36	1
724	-444	contig_47_36	1
725	-443	contig_47_36	1
726	-442	contig_47_36	1
727	439	contig_47_36	1
728	440	contig_47_36	1
729	-933	contig_47_36	1
730	-932	contig_47_36	1
731	-931	contig_47_36	1
732	-441	contig_47_36	1
733	-81	contig_47_36	1
734	-80	contig_47_36	1
735	-79	contig_47_36	1
736	-78	contig_47_36	1
737	36	contig_47_36	1
738	519	contig_35_44	1
739	520	contig_35_44	1
740	521	contig_35_44	1
741	522	contig_35_44	1
742	523	contig_35_44	1
743	524	contig_35_44	1
744	525	contig_35_44	1
745	526	contig_35_44	1
746	527	contig_35_44	1
747	528	contig_35_44	1
748	529	contig_35_44	1
749	530	contig_35_44	1
750	531	contig_35_44	1
751	-109	contig_35_44	1
752	-108	contig_35_44	1
753	-107	contig_35_44	1
754	-106	contig_35_44	1
755	-105	contig_35_44	1
756	532	contig_35_44	1
757	533	contig_35_44	1
758	534	contig_35_44	1
759	535	contig_35_44	1
760	536	contig_35_44	1
761	-635	contig_35_44	1
762	-634	contig_35_44	1
763	-633	contig_35_44	1
764	-632	contig_35_44	1
765	-785	contig_35_44	1
766	-784	contig_35_44	1
767	-783	contig_35_44	1
768	878	contig_35_44	1
769	300	contig_35_44	1
770	301	contig_35_44	1
771	302	contig_35_44	1
772	303	contig_35_44	1
773	304	contig_35_44	1
774	879	contig_35_44	1
775	-458	contig_35_44	1
776	-457	contig_35_44	1
777	-114	contig_35_44	1
778	-113	contig_35_44	1
779	-112	contig_35_44	1
780	-111	contig_35_44	1
781	-110	contig_35_44	1
782	-456	contig_35_44	1
783	-455	contig_35_44	1
784	-454	contig_35_44	1
785	880	contig_35_44	1
786	881	contig_35_44	1
787	463	contig_35_44	1
788	464	contig_35_44	1
789	465	contig_35_44	1
790	466	contig_35_44	1
791	937	contig_35_44	1
792	938	contig_35_44	1
793	939	contig_35_44	1
794	940	contig_35_44	1
795	746	contig_23	1
796	747	contig_23	1
797	804	contig_23	1
798	805	contig_23	1
799	806	contig_23	1
800	807	contig_23	1
801	941	contig_23	1
802	942	contig_23	1
803	868	contig_23	1
804	869	contig_23	1
805	870	contig_23	1
806	808	contig_23	1
807	809	contig_23	1
808	810	contig_23	1
809	811	contig_23	1
810	812	contig_23	1
811	813	contig_23	1
812	814	contig_23	1
813	-434	contig_23	1
814	-433	contig_23	1
815	-432	contig_23	1
816	-431	contig_23	1
817	-430	contig_23	1
818	815	contig_23	1
819	816	contig_23	1
820	817	contig_23	1
821	818	contig_23	1
822	819	contig_23	1
823	820	contig_23	1
824	821	contig_23	1
825	822	contig_23	1
826	-435	contig_23	1
827	-434	contig_23	1
828	-433	contig_23	1
829	-432	contig_23	1
830	-431	contig_23	1
831	823	contig_23	1
832	824	contig_23	1
833	825	contig_23	1
834	826	contig_23	1
835	827	contig_23	1
836	828	contig_23	1
837	829	contig_23	1
838	830	contig_23	1
839	831	contig_23	1
840	832	contig_23	1
841	833	contig_23	1
842	834	contig_23	1
843	835	contig_23	1
844	836	contig_23	1
845	837	contig_23	1
846	838	contig_23	1
847	839	contig_23	1
848	840	contig_23	1
849	841	contig_23	1
850	842	contig_23	1
851	843	contig_23	1
852	844	contig_23	1
853	845	contig_23	1
854	846	contig_23	1
855	847	contig_23	1
856	848	contig_23	1
857	849	contig_23	1
858	850	contig_23	1
859	851	contig_23	1
860	852	contig_23	1
861	853	contig_23	1
862	854	contig_23	1
863	855	contig_23	1
864	856	contig_23	1
865	857	contig_23	1
866	858	contig_23	1
867	859	contig_23	1
868	860	contig_23	1
869	861	contig_23	1
870	862	contig_23	1
871	863	contig_23	1
872	864	contig_23	1
873	865	contig_23	1
874	866	contig_23	1
875	867	contig_23	1
876	938	contig_23	1
877	939	contig_23	1
878	940	contig_23	1
879	941	contig_23	1
880	942	contig_23	1
881	868	contig_23	1
882	-73	contig_23	1
883	-72	contig_23	1
884	-661	contig_23	1
885	-660	contig_23	1
886	-659	contig_23	1
887	869	contig_23	1
888	870	contig_23	1
889	871	contig_23	1
890	872	contig_23	1
891	873	contig_23	1
892	874	contig_23	1
893	875	contig_23	1
894	876	contig_23	1
895	877	contig_23	1
896	-782	contig_23	1
897	-781	contig_23	1
898	-631	contig_23	1
899	-630	contig_23	1
900	241	contig_29_18	1
901	242	contig_29_18	1
902	772	contig_29_18	1
903	773	contig_29_18	1
904	-733	contig_29_18	1
905	-732	contig_29_18	1
906	-731	contig_29_18	1
907	-730	contig_29_18	1
908	-729	contig_29_18	1
909	774	contig_29_18	1
910	775	contig_29_18	1
911	776	contig_29_18	1
912	243	contig_29_18	1
913	244	contig_29_18	1
914	245	contig_29_18	1
915	246	contig_29_18	1
916	247	contig_29_18	1
917	363	contig_29_18	1
918	421	contig_29_18	1
919	994	contig_29_18	1
920	995	contig_29_18	1
921	996	contig_29_18	1
922	248	contig_29_18	1
923	249	contig_29_18	1
924	250	contig_29_18	1
925	251	contig_29_18	1
926	252	contig_29_18	1
927	253	contig_29_18	1
928	254	contig_29_18	1
929	255	contig_29_18	1
930	256	contig_29_18	1
931	257	contig_29_18	1
932	258	contig_29_18	1
933	259	contig_29_18	1
934	260	contig_29_18	1
935	261	contig_29_18	1
936	262	contig_29_18	1
937	263	contig_29_18	1
938	264	contig_29_18	1
939	207	contig_29_18	1
940	208	contig_29_18	1
941	500	contig_29_18	1
942	501	contig_29_18	1
943	502	contig_29_18	1
944	-595	contig_29_18	1
945	-594	contig_29_18	1
946	-593	contig_29_18	1
947	-592	contig_29_18	1
948	-591	contig_29_18	1
949	-590	contig_29_18	1
950	-589	contig_29_18	1
951	-588	contig_29_18	1
952	-587	contig_29_18	1
953	-586	contig_29_18	1
954	-585	contig_29_18	1
955	-584	contig_29_18	1
956	-583	contig_29_18	1
957	-582	contig_29_18	1
958	-581	contig_29_18	1
959	-580	contig_29_18	1
960	-579	contig_29_18	1
961	-578	contig_29_18	1
962	-577	contig_29_18	1
963	-576	contig_29_18	1
964	-575	contig_29_18	1
965	-574	contig_29_18	1
966	-573	contig_29_18	1
967	-572	contig_29_18	1
968	-571	contig_29_18	1
969	919	contig_29_18	1
970	920	contig_29_18	1
971	921	contig_29_18	1
972	922	contig_29_18	1
973	923	contig_29_18	1
974	-570	contig_29_18	1
975	-569	contig_29_18	1
976	-568	contig_29_18	1
977	-567	contig_29_18	1
978	-566	contig_29_18	1
979	-565	contig_29_18	1
980	-564	contig_29_18	1
981	-563	contig_29_18	1
982	-562	contig_29_18	1
983	-561	contig_29_18	1
984	-560	contig_29_18	1
985	-559	contig_29_18	1
986	-777	contig_29_18	1
987	-776	contig_29_18	1
988	-775	contig_29_18	1
989	-774	contig_29_18	1
990	-773	contig_29_18	1
991	-772	contig_29_18	1
992	-771	contig_29_18	1
993	-770	contig_29_18	1
994	-769	contig_29_18	1
995	-768	contig_29_18	1
996	-767	contig_29_18	1
997	-766	contig_29_18	1
998	-765	contig_29_18	1
999	-764	contig_29_18	1
1000	-763	contig_29_18	1
1001	-762	contig_29_18	1
1002	-761	contig_29_18	1
1003	-760	contig_29_18	1
1004	-759	contig_29_18	1
1005	-758	contig_29_18	1
1006	-757	contig_29_18	1
1007	-756	contig_29_18	1
1008	-755	contig_29_18	1
1009	-754	contig_29_18	1
1010	-753	contig_29_18	1
1011	-752	contig_29_18	1
1012	-751	contig_29_18	1
1013	-750	contig_29_18	1
1014	-749	contig_29_18	1
1015	-748	contig_29_18	1
1016	-747	contig_29_18	1
1017	-746	contig_29_18	1
1018	-745	contig_29_18	1
1019	-744	contig_29_18	1
1020	-743	contig_29_18	1
1021	-742	contig_29_18	1
1022	-741	contig_29_18	1
1023	-799	contig_29_18	1
1024	-798	contig_29_18	1
1025	-797	contig_29_18	1
1026	504	contig_29_18	1
1027	106	contig_29_18	1
1028	121	contig_29_18	1
1029	122	contig_29_18	1
1030	123	contig_29_18	1
1031	-796	contig_29_18	1
1032	-795	contig_29_18	1
1033	-740	contig_29_18	1
1034	-335	contig_29_18	1
1035	-334	contig_29_18	1
1036	-333	contig_29_18	1
1037	-332	contig_29_18	1
1038	80	contig_29_18	1
1039	-739	contig_29_18	1
1040	-306	contig_29_18	1
1041	-305	contig_29_18	1
1042	-304	contig_29_18	1
1043	-303	contig_29_18	1
1044	-302	contig_29_18	1
1045	-738	contig_29_18	1
1046	-737	contig_29_18	1
1047	-736	contig_29_18	1
1048	-735	contig_29_18	1
1049	-734	contig_29_18	1
1050	-733	contig_29_18	1
1051	-732	contig_29_18	1
1052	-731	contig_29_18	1
1053	-730	contig_29_18	1
1054	-729	contig_29_18	1
1055	-728	contig_29_18	1
1056	-727	contig_29_18	1
1057	-726	contig_29_18	1
1058	-725	contig_29_18	1
1059	-724	contig_29_18	1
1060	-723	contig_29_18	1
1061	-722	contig_29_18	1
1062	-721	contig_29_18	1
1063	-720	contig_29_18	1
1064	-719	contig_29_18	1
1065	-718	contig_29_18	1
1066	-717	contig_29_18	1
1067	938	contig_29_18	1
1068	939	contig_29_18	1
1069	940	contig_29_18	1
1070	941	contig_29_18	1
1071	942	contig_29_18	1
1072	-716	contig_29_18	1
1073	-715	contig_29_18	1
1074	-714	contig_29_18	1
1075	-713	contig_29_18	1
1076	-673	contig_29_18	1
1077	309	contig_29_18	1
1078	310	contig_29_18	1
1079	322	contig_29_18	1
1080	323	contig_29_18	1
1081	324	contig_29_18	1
1082	325	contig_29_18	1
1083	326	contig_29_18	1
1084	937	contig_29_18	1
1085	938	contig_29_18	1
1086	939	contig_29_18	1
1087	940	contig_29_18	1
1088	941	contig_29_18	1
1089	311	contig_29_18	1
1090	312	contig_29_18	1
1091	-712	contig_29_18	1
1092	-711	contig_29_18	1
1093	-710	contig_29_18	1
1094	-709	contig_29_18	1
1095	-640	contig_43_42	1
1096	-639	contig_43_42	1
1097	-638	contig_43_42	1
1098	-637	contig_43_42	1
1099	346	contig_43_42	1
1100	347	contig_43_42	1
1101	348	contig_43_42	1
1102	349	contig_43_42	1
1103	350	contig_43_42	1
1104	-636	contig_43_42	1
1105	-653	contig_43_42	1
1106	-652	contig_43_42	1
1107	-651	contig_43_42	1
1108	-650	contig_43_42	1
1109	-649	contig_43_42	1
1110	-648	contig_43_42	1
1111	-647	contig_43_42	1
1112	-646	contig_43_42	1
1113	-645	contig_43_42	1
1114	-644	contig_43_42	1
1115	-643	contig_43_42	1
1116	-642	contig_43_42	1
1117	-641	contig_43_42	1
1118	-58	contig_7_8	1
1119	-57	contig_7_8	1
1120	-56	contig_7_8	1
1121	-55	contig_7_8	1
1122	-54	contig_7_8	1
1123	-53	contig_7_8	1
1124	-52	contig_7_8	1
1125	-51	contig_7_8	1
1126	-50	contig_7_8	1
1127	-49	contig_7_8	1
1128	-48	contig_7_8	1
1129	-47	contig_7_8	1
1130	-46	contig_7_8	1
1131	-45	contig_7_8	1
1132	-44	contig_7_8	1
1133	-43	contig_7_8	1
1134	-42	contig_7_8	1
1135	-41	contig_7_8	1
1136	-40	contig_7_8	1
1137	-39	contig_7_8	1
1138	-457	contig_7_8	1
1139	517	contig_34	1
1140	518	contig_34	1
1141	-456	contig_9_4	1
1142	-455	contig_9_4	1
1143	-454	contig_9_4	1
1144	-453	contig_9_4	1
1145	-38	contig_9_4	1
1146	-73	contig_9_4	1
1147	-72	contig_9_4	1
1148	-661	contig_9_4	1
1149	-660	contig_9_4	1
1150	-659	contig_9_4	1
1151	-37	contig_9_4	1
1152	-36	contig_9_4	1
1153	78	contig_9_4	1
1154	79	contig_9_4	1
1155	-76	contig_9_4	1
1156	-75	contig_9_4	1
1157	-74	contig_9_4	1
1158	-73	contig_9_4	1
1159	-72	contig_9_4	1
1160	-661	contig_9_4	1
1161	42	contig_39	1
1162	-554	contig_39	1
1163	-553	contig_39	1
1164	-552	contig_39	1
1165	-551	contig_39	1
1166	-550	contig_39	1
1167	-549	contig_39	1
1168	-548	contig_39	1
1169	-547	contig_39	1
1170	-546	contig_39	1
1171	-545	contig_39	1
1172	-544	contig_39	1
1173	448	contig_39	1
1174	449	contig_39	1
1175	450	contig_39	1
1176	451	contig_39	1
1177	452	contig_39	1
1178	89	contig_39	1
1179	90	contig_39	1
1180	91	contig_39	1
1181	92	contig_39	1
1182	-668	contig_39	1
1183	-596	contig_26_27	1
1184	503	contig_26_27	1
1185	504	contig_26_27	1
1186	209	contig_26_27	1
1187	210	contig_26_27	1
1188	211	contig_26_27	1
1189	212	contig_26_27	1
1190	213	contig_26_27	1
1191	214	contig_26_27	1
1192	215	contig_26_27	1
1193	216	contig_28_16	1
1194	217	contig_28_16	1
1195	218	contig_28_16	1
1196	167	contig_28_16	1
1197	168	contig_28_16	1
1198	169	contig_28_16	1
1199	170	contig_28_16	1
1200	171	contig_28_16	1
1201	219	contig_28_16	1
1202	220	contig_28_16	1
1203	221	contig_28_16	1
1204	222	contig_28_16	1
1205	223	contig_28_16	1
1206	224	contig_28_16	1
1207	225	contig_28_16	1
1208	226	contig_28_16	1
1209	227	contig_28_16	1
1210	228	contig_28_16	1
1211	229	contig_28_16	1
1212	230	contig_28_16	1
1213	231	contig_28_16	1
1214	232	contig_28_16	1
1215	233	contig_28_16	1
1216	234	contig_28_16	1
1217	235	contig_28_16	1
1218	236	contig_28_16	1
1219	237	contig_28_16	1
1220	238	contig_28_16	1
1221	239	contig_28_16	1
1222	240	contig_28_16	1
1223	121	contig_28_16	1
1224	122	contig_28_16	1
1225	123	contig_28_16	1
1226	124	contig_28_16	1
1227	125	contig_28_16	1
1228	126	contig_28_16	1
1229	127	contig_28_16	1
1230	128	contig_28_16	1
1231	129	contig_28_16	1
1232	130	contig_28_16	1
1233	131	contig_28_16	1
1234	132	contig_28_16	1
1235	133	contig_28_16	1
1236	134	contig_28_16	1
1237	135	contig_28_16	1
1238	136	contig_28_16	1
1239	137	contig_28_16	1
1240	138	contig_28_16	1
1241	139	contig_28_16	1
1242	140	contig_28_16	1
1243	141	contig_28_16	1
1244	142	contig_28_16	1
1245	143	contig_28_16	1
1246	-244	contig_28_16	1
1247	-243	contig_28_16	1
1248	-776	contig_28_16	1
1249	-775	contig_28_16	1
1250	-774	contig_28_16	1
1251	144	contig_28_16	1
1252	145	contig_28_16	1
1253	146	contig_28_16	1
1254	147	contig_28_16	1
1255	148	contig_28_16	1
1256	149	contig_28_16	1
1257	150	contig_28_16	1
1258	151	contig_28_16	1
1259	152	contig_28_16	1
1260	153	contig_28_16	1
1261	154	contig_28_16	1
1262	155	contig_28_16	1
1263	156	contig_28_16	1
1264	157	contig_28_16	1
1265	158	contig_28_16	1
1266	159	contig_28_16	1
1267	160	contig_28_16	1
1268	161	contig_28_16	1
1269	-261	contig_28_16	1
1270	-260	contig_28_16	1
1271	-259	contig_28_16	1
1272	-258	contig_28_16	1
1273	-257	contig_28_16	1
1274	162	contig_28_16	1
1275	163	contig_28_16	1
1276	164	contig_28_16	1
1277	165	contig_28_16	1
1278	166	contig_28_16	1
1279	167	contig_28_16	1
1280	168	contig_28_16	1
1281	169	contig_28_16	1
1282	170	contig_28_16	1
1283	171	contig_28_16	1
1284	172	contig_28_16	1
1285	173	contig_28_16	1
1286	174	contig_28_16	1
1287	175	contig_28_16	1
1288	176	contig_28_16	1
1289	177	contig_28_16	1
1290	178	contig_28_16	1
1291	179	contig_28_16	1
1292	180	contig_28_16	1
1293	181	contig_28_16	1
1294	182	contig_28_16	1
1295	183	contig_28_16	1
1296	184	contig_28_16	1
1297	185	contig_28_16	1
1298	186	contig_28_16	1
1299	187	contig_28_16	1
1300	188	contig_28_16	1
1301	189	contig_28_16	1
1302	190	contig_28_16	1
1303	191	contig_28_16	1
1304	192	contig_28_16	1
1305	193	contig_28_16	1
1306	194	contig_28_16	1
1307	195	contig_28_16	1
1308	-19	contig_28_16	1
1309	-18	contig_28_16	1
1310	-96	contig_28_16	1
1311	-95	contig_28_16	1
1312	-433	contig_6_5	1
1313	-432	contig_6_5	1
1314	-431	contig_6_5	1
1315	823	contig_6_5	1
1316	-63	contig_6_5	1
1317	-62	contig_6_5	1
1318	-61	contig_6_5	1
1319	-60	contig_6_5	1
1320	-59	contig_6_5	1
1321	-660	contig_6_5	1
1322	300	contig_6_5	1
1323	301	contig_6_5	1
1324	302	contig_6_5	1
1325	303	contig_6_5	1
1326	304	contig_6_5	1
1327	-659	contig_6_5	1
1328	-658	contig_6_5	1
1329	-657	contig_6_5	1
1330	-71	contig_6_5	1
1331	-70	contig_6_5	1
1332	-69	contig_6_5	1
1333	-68	contig_6_5	1
1334	-67	contig_6_5	1
1335	-66	contig_6_5	1
1336	254	contig_6_5	1
1337	255	contig_6_5	1
1338	256	contig_6_5	1
1339	257	contig_6_5	1
1340	258	contig_6_5	1
1341	-65	contig_6_5	1
1342	-64	contig_6_5	1
1343	-434	contig_6_5	1
1344	1	contig_1	1
1345	2	contig_1	1
1346	3	contig_1	1
1347	4	contig_1	1
1348	5	contig_1	1
1349	6	contig_1	1
1350	106	contig_15_14	1
1351	432	contig_15_14	1
1352	107	contig_15_14	1
1353	108	contig_15_14	1
1354	109	contig_15_14	1
1355	110	contig_15_14	1
1356	111	contig_15_14	1
1357	112	contig_15_14	1
1358	113	contig_15_14	1
1359	114	contig_15_14	1
1360	115	contig_15_14	1
1361	116	contig_15_14	1
1362	117	contig_15_14	1
1363	786	contig_15_14	1
1364	787	contig_15_14	1
1365	788	contig_15_14	1
1366	789	contig_15_14	1
1367	790	contig_15_14	1
1368	118	contig_15_14	1
1369	119	contig_15_14	1
1370	120	contig_15_14	1
1371	102	contig_15_14	1
1372	103	contig_15_14	1
1373	104	contig_15_14	1
1374	105	contig_15_14	1
1375	500	contig_15_14	1
1376	501	contig_15_14	1
1377	502	contig_15_14	1
1378	503	contig_15_14	1
1379	504	contig_15_14	1
1380	-847	contig_3_2	1
1381	-846	contig_3_2	1
1382	21	contig_3_2	1
1383	22	contig_3_2	1
1384	23	contig_3_2	1
1385	24	contig_3_2	1
1386	25	contig_3_2	1
1387	26	contig_3_2	1
1388	27	contig_3_2	1
1389	28	contig_3_2	1
1390	29	contig_3_2	1
1391	30	contig_3_2	1
1392	31	contig_3_2	1
1393	687	contig_3_2	1
1394	688	contig_3_2	1
1395	689	contig_3_2	1
1396	690	contig_3_2	1
1397	691	contig_3_2	1
1398	32	contig_3_2	1
1399	33	contig_3_2	1
1400	34	contig_3_2	1
1401	35	contig_3_2	1
1402	-77	contig_3_2	1
1403	7	contig_3_2	1
1404	8	contig_3_2	1
1405	9	contig_3_2	1
1406	10	contig_3_2	1
1407	11	contig_3_2	1
1408	12	contig_3_2	1
1409	13	contig_3_2	1
1410	14	contig_3_2	1
1411	15	contig_3_2	1
1412	16	contig_3_2	1
1413	17	contig_3_2	1
1414	18	contig_3_2	1
1415	19	contig_3_2	1
1416	20	contig_3_2	1
1417	-850	contig_3_2	1
1418	-849	contig_3_2	1
1419	-848	contig_3_2	1
1420	-94	contig_17	1
1421	-93	contig_17	1
1422	-92	contig_17	1
1423	-91	contig_17	1
1424	-90	contig_17	1
1425	-89	contig_17	1
1426	-88	contig_17	1
1427	-87	contig_17	1
1428	-86	contig_17	1
1429	-85	contig_17	1
1430	-84	contig_17	1
1431	-83	contig_17	1
1432	198	contig_17	1
1433	199	contig_17	1
1434	381	contig_17	1
1435	382	contig_17	1
1436	383	contig_17	1
1437	384	contig_17	1
1438	385	contig_17	1
1439	200	contig_17	1
1440	201	contig_17	1
1441	202	contig_17	1
1442	-103	contig_17	1
1443	-102	contig_17	1
1444	-101	contig_17	1
1445	-100	contig_17	1
1446	-99	contig_17	1
1447	203	contig_17	1
1448	204	contig_17	1
1449	205	contig_17	1
1450	206	contig_17	1
