1	746	contig_23	1
2	747	contig_23	1
3	804	contig_23	1
4	805	contig_23	1
5	806	contig_23	1
6	807	contig_23	1
7	941	contig_23	1
8	942	contig_23	1
9	868	contig_23	1
10	869	contig_23	1
11	870	contig_23	1
12	808	contig_23	1
13	809	contig_23	1
14	810	contig_23	1
15	811	contig_23	1
16	812	contig_23	1
17	813	contig_23	1
18	814	contig_23	1
19	-434	contig_23	1
20	-433	contig_23	1
21	-432	contig_23	1
22	-431	contig_23	1
23	-430	contig_23	1
24	815	contig_23	1
25	816	contig_23	1
26	817	contig_23	1
27	818	contig_23	1
28	819	contig_23	1
29	820	contig_23	1
30	821	contig_23	1
31	822	contig_23	1
32	-435	contig_23	1
33	-434	contig_23	1
34	-433	contig_23	1
35	-432	contig_23	1
36	-431	contig_23	1
37	823	contig_23	1
38	824	contig_23	1
39	825	contig_23	1
40	826	contig_23	1
41	827	contig_23	1
42	828	contig_23	1
43	829	contig_23	1
44	830	contig_23	1
45	831	contig_23	1
46	832	contig_23	1
47	833	contig_23	1
48	834	contig_23	1
49	835	contig_23	1
50	836	contig_23	1
51	837	contig_23	1
52	838	contig_23	1
53	839	contig_23	1
54	840	contig_23	1
55	841	contig_23	1
56	842	contig_23	1
57	843	contig_23	1
58	844	contig_23	1
59	845	contig_23	1
60	846	contig_23	1
61	847	contig_23	1
62	848	contig_23	1
63	849	contig_23	1
64	850	contig_23	1
65	851	contig_23	1
66	852	contig_23	1
67	853	contig_23	1
68	854	contig_23	1
69	855	contig_23	1
70	856	contig_23	1
71	857	contig_23	1
72	858	contig_23	1
73	859	contig_23	1
74	860	contig_23	1
75	861	contig_23	1
76	862	contig_23	1
77	863	contig_23	1
78	864	contig_23	1
79	865	contig_23	1
80	866	contig_23	1
81	867	contig_23	1
82	938	contig_23	1
83	939	contig_23	1
84	940	contig_23	1
85	941	contig_23	1
86	942	contig_23	1
87	868	contig_23	1
88	-73	contig_23	1
89	-72	contig_23	1
90	-661	contig_23	1
91	-660	contig_23	1
92	-659	contig_23	1
93	869	contig_23	1
94	870	contig_23	1
95	871	contig_23	1
96	872	contig_23	1
97	873	contig_23	1
98	874	contig_23	1
99	875	contig_23	1
100	876	contig_23	1
101	877	contig_23	1
102	-782	contig_23	1
103	-781	contig_23	1
104	-631	contig_23	1
105	-630	contig_23	1
106	-94	contig_17	1
107	-93	contig_17	1
108	-92	contig_17	1
109	-91	contig_17	1
110	-90	contig_17	1
111	-89	contig_17	1
112	-88	contig_17	1
113	-87	contig_17	1
114	-86	contig_17	1
115	-85	contig_17	1
116	-84	contig_17	1
117	-83	contig_17	1
118	198	contig_17	1
119	199	contig_17	1
120	381	contig_17	1
121	382	contig_17	1
122	383	contig_17	1
123	384	contig_17	1
124	385	contig_17	1
125	200	contig_17	1
126	201	contig_17	1
127	202	contig_17	1
128	-103	contig_17	1
129	-102	contig_17	1
130	-101	contig_17	1
131	-100	contig_17	1
132	-99	contig_17	1
133	203	contig_17	1
134	204	contig_17	1
135	205	contig_17	1
136	206	contig_17	1
137	216	contig_28_16	1
138	217	contig_28_16	1
139	218	contig_28_16	1
140	167	contig_28_16	1
141	168	contig_28_16	1
142	169	contig_28_16	1
143	170	contig_28_16	1
144	171	contig_28_16	1
145	219	contig_28_16	1
146	220	contig_28_16	1
147	221	contig_28_16	1
148	222	contig_28_16	1
149	223	contig_28_16	1
150	224	contig_28_16	1
151	225	contig_28_16	1
152	226	contig_28_16	1
153	227	contig_28_16	1
154	228	contig_28_16	1
155	229	contig_28_16	1
156	230	contig_28_16	1
157	231	contig_28_16	1
158	232	contig_28_16	1
159	233	contig_28_16	1
160	234	contig_28_16	1
161	235	contig_28_16	1
162	236	contig_28_16	1
163	237	contig_28_16	1
164	238	contig_28_16	1
165	239	contig_28_16	1
166	240	contig_28_16	1
167	121	contig_28_16	1
168	122	contig_28_16	1
169	123	contig_28_16	1
170	124	contig_28_16	1
171	125	contig_28_16	1
172	126	contig_28_16	1
173	127	contig_28_16	1
174	128	contig_28_16	1
175	129	contig_28_16	1
176	130	contig_28_16	1
177	131	contig_28_16	1
178	132	contig_28_16	1
179	133	contig_28_16	1
180	134	contig_28_16	1
181	135	contig_28_16	1
182	136	contig_28_16	1
183	137	contig_28_16	1
184	138	contig_28_16	1
185	139	contig_28_16	1
186	140	contig_28_16	1
187	141	contig_28_16	1
188	142	contig_28_16	1
189	143	contig_28_16	1
190	-244	contig_28_16	1
191	-243	contig_28_16	1
192	-776	contig_28_16	1
193	-775	contig_28_16	1
194	-774	contig_28_16	1
195	144	contig_28_16	1
196	145	contig_28_16	1
197	146	contig_28_16	1
198	147	contig_28_16	1
199	148	contig_28_16	1
200	149	contig_28_16	1
201	150	contig_28_16	1
202	151	contig_28_16	1
203	152	contig_28_16	1
204	153	contig_28_16	1
205	154	contig_28_16	1
206	155	contig_28_16	1
207	156	contig_28_16	1
208	157	contig_28_16	1
209	158	contig_28_16	1
210	159	contig_28_16	1
211	160	contig_28_16	1
212	161	contig_28_16	1
213	-261	contig_28_16	1
214	-260	contig_28_16	1
215	-259	contig_28_16	1
216	-258	contig_28_16	1
217	-257	contig_28_16	1
218	162	contig_28_16	1
219	163	contig_28_16	1
220	164	contig_28_16	1
221	165	contig_28_16	1
222	166	contig_28_16	1
223	167	contig_28_16	1
224	168	contig_28_16	1
225	169	contig_28_16	1
226	170	contig_28_16	1
227	171	contig_28_16	1
228	172	contig_28_16	1
229	173	contig_28_16	1
230	174	contig_28_16	1
231	175	contig_28_16	1
232	176	contig_28_16	1
233	177	contig_28_16	1
234	178	contig_28_16	1
235	179	contig_28_16	1
236	180	contig_28_16	1
237	181	contig_28_16	1
238	182	contig_28_16	1
239	183	contig_28_16	1
240	184	contig_28_16	1
241	185	contig_28_16	1
242	186	contig_28_16	1
243	187	contig_28_16	1
244	188	contig_28_16	1
245	189	contig_28_16	1
246	190	contig_28_16	1
247	191	contig_28_16	1
248	192	contig_28_16	1
249	193	contig_28_16	1
250	194	contig_28_16	1
251	195	contig_28_16	1
252	-19	contig_28_16	1
253	-18	contig_28_16	1
254	-96	contig_28_16	1
255	-95	contig_28_16	1
256	-596	contig_26_27	1
257	503	contig_26_27	1
258	504	contig_26_27	1
259	209	contig_26_27	1
260	210	contig_26_27	1
261	211	contig_26_27	1
262	212	contig_26_27	1
263	213	contig_26_27	1
264	214	contig_26_27	1
265	215	contig_26_27	1
266	-847	contig_3_2	1
267	-846	contig_3_2	1
268	21	contig_3_2	1
269	22	contig_3_2	1
270	23	contig_3_2	1
271	24	contig_3_2	1
272	25	contig_3_2	1
273	26	contig_3_2	1
274	27	contig_3_2	1
275	28	contig_3_2	1
276	29	contig_3_2	1
277	30	contig_3_2	1
278	31	contig_3_2	1
279	687	contig_3_2	1
280	688	contig_3_2	1
281	689	contig_3_2	1
282	690	contig_3_2	1
283	691	contig_3_2	1
284	32	contig_3_2	1
285	33	contig_3_2	1
286	34	contig_3_2	1
287	35	contig_3_2	1
288	-77	contig_3_2	1
289	7	contig_3_2	1
290	8	contig_3_2	1
291	9	contig_3_2	1
292	10	contig_3_2	1
293	11	contig_3_2	1
294	12	contig_3_2	1
295	13	contig_3_2	1
296	14	contig_3_2	1
297	15	contig_3_2	1
298	16	contig_3_2	1
299	17	contig_3_2	1
300	18	contig_3_2	1
301	19	contig_3_2	1
302	20	contig_3_2	1
303	-850	contig_3_2	1
304	-849	contig_3_2	1
305	-848	contig_3_2	1
306	1	contig_1	1
307	2	contig_1	1
308	3	contig_1	1
309	4	contig_1	1
310	5	contig_1	1
311	6	contig_1	1
312	106	contig_15_14	1
313	432	contig_15_14	1
314	107	contig_15_14	1
315	108	contig_15_14	1
316	109	contig_15_14	1
317	110	contig_15_14	1
318	111	contig_15_14	1
319	112	contig_15_14	1
320	113	contig_15_14	1
321	114	contig_15_14	1
322	115	contig_15_14	1
323	116	contig_15_14	1
324	117	contig_15_14	1
325	786	contig_15_14	1
326	787	contig_15_14	1
327	788	contig_15_14	1
328	789	contig_15_14	1
329	790	contig_15_14	1
330	118	contig_15_14	1
331	119	contig_15_14	1
332	120	contig_15_14	1
333	102	contig_15_14	1
334	103	contig_15_14	1
335	104	contig_15_14	1
336	105	contig_15_14	1
337	500	contig_15_14	1
338	501	contig_15_14	1
339	502	contig_15_14	1
340	503	contig_15_14	1
341	504	contig_15_14	1
342	-433	contig_6_5	1
343	-432	contig_6_5	1
344	-431	contig_6_5	1
345	823	contig_6_5	1
346	-63	contig_6_5	1
347	-62	contig_6_5	1
348	-61	contig_6_5	1
349	-60	contig_6_5	1
350	-59	contig_6_5	1
351	-660	contig_6_5	1
352	300	contig_6_5	1
353	301	contig_6_5	1
354	302	contig_6_5	1
355	303	contig_6_5	1
356	304	contig_6_5	1
357	-659	contig_6_5	1
358	-658	contig_6_5	1
359	-657	contig_6_5	1
360	-71	contig_6_5	1
361	-70	contig_6_5	1
362	-69	contig_6_5	1
363	-68	contig_6_5	1
364	-67	contig_6_5	1
365	-66	contig_6_5	1
366	254	contig_6_5	1
367	255	contig_6_5	1
368	256	contig_6_5	1
369	257	contig_6_5	1
370	258	contig_6_5	1
371	-65	contig_6_5	1
372	-64	contig_6_5	1
373	-434	contig_6_5	1
374	42	contig_39	1
375	-554	contig_39	1
376	-553	contig_39	1
377	-552	contig_39	1
378	-551	contig_39	1
379	-550	contig_39	1
380	-549	contig_39	1
381	-548	contig_39	1
382	-547	contig_39	1
383	-546	contig_39	1
384	-545	contig_39	1
385	-544	contig_39	1
386	448	contig_39	1
387	449	contig_39	1
388	450	contig_39	1
389	451	contig_39	1
390	452	contig_39	1
391	89	contig_39	1
392	90	contig_39	1
393	91	contig_39	1
394	92	contig_39	1
395	-668	contig_39	1
396	-456	contig_9_4	1
397	-455	contig_9_4	1
398	-454	contig_9_4	1
399	-453	contig_9_4	1
400	-38	contig_9_4	1
401	-73	contig_9_4	1
402	-72	contig_9_4	1
403	-661	contig_9_4	1
404	-660	contig_9_4	1
405	-659	contig_9_4	1
406	-37	contig_9_4	1
407	-36	contig_9_4	1
408	78	contig_9_4	1
409	79	contig_9_4	1
410	-76	contig_9_4	1
411	-75	contig_9_4	1
412	-74	contig_9_4	1
413	-73	contig_9_4	1
414	-72	contig_9_4	1
415	-661	contig_9_4	1
416	517	contig_34	1
417	518	contig_34	1
418	-58	contig_7_8	1
419	-57	contig_7_8	1
420	-56	contig_7_8	1
421	-55	contig_7_8	1
422	-54	contig_7_8	1
423	-53	contig_7_8	1
424	-52	contig_7_8	1
425	-51	contig_7_8	1
426	-50	contig_7_8	1
427	-49	contig_7_8	1
428	-48	contig_7_8	1
429	-47	contig_7_8	1
430	-46	contig_7_8	1
431	-45	contig_7_8	1
432	-44	contig_7_8	1
433	-43	contig_7_8	1
434	-42	contig_7_8	1
435	-41	contig_7_8	1
436	-40	contig_7_8	1
437	-39	contig_7_8	1
438	-457	contig_7_8	1
439	241	contig_29_18	1
440	242	contig_29_18	1
441	772	contig_29_18	1
442	773	contig_29_18	1
443	-733	contig_29_18	1
444	-732	contig_29_18	1
445	-731	contig_29_18	1
446	-730	contig_29_18	1
447	-729	contig_29_18	1
448	774	contig_29_18	1
449	775	contig_29_18	1
450	776	contig_29_18	1
451	243	contig_29_18	1
452	244	contig_29_18	1
453	245	contig_29_18	1
454	246	contig_29_18	1
455	247	contig_29_18	1
456	363	contig_29_18	1
457	421	contig_29_18	1
458	994	contig_29_18	1
459	995	contig_29_18	1
460	996	contig_29_18	1
461	248	contig_29_18	1
462	249	contig_29_18	1
463	250	contig_29_18	1
464	251	contig_29_18	1
465	252	contig_29_18	1
466	253	contig_29_18	1
467	254	contig_29_18	1
468	255	contig_29_18	1
469	256	contig_29_18	1
470	257	contig_29_18	1
471	258	contig_29_18	1
472	259	contig_29_18	1
473	260	contig_29_18	1
474	261	contig_29_18	1
475	262	contig_29_18	1
476	263	contig_29_18	1
477	264	contig_29_18	1
478	207	contig_29_18	1
479	208	contig_29_18	1
480	500	contig_29_18	1
481	501	contig_29_18	1
482	502	contig_29_18	1
483	-595	contig_29_18	1
484	-594	contig_29_18	1
485	-593	contig_29_18	1
486	-592	contig_29_18	1
487	-591	contig_29_18	1
488	-590	contig_29_18	1
489	-589	contig_29_18	1
490	-588	contig_29_18	1
491	-587	contig_29_18	1
492	-586	contig_29_18	1
493	-585	contig_29_18	1
494	-584	contig_29_18	1
495	-583	contig_29_18	1
496	-582	contig_29_18	1
497	-581	contig_29_18	1
498	-580	contig_29_18	1
499	-579	contig_29_18	1
500	-578	contig_29_18	1
501	-577	contig_29_18	1
502	-576	contig_29_18	1
503	-575	contig_29_18	1
504	-574	contig_29_18	1
505	-573	contig_29_18	1
506	-572	contig_29_18	1
507	-571	contig_29_18	1
508	919	contig_29_18	1
509	920	contig_29_18	1
510	921	contig_29_18	1
511	922	contig_29_18	1
512	923	contig_29_18	1
513	-570	contig_29_18	1
514	-569	contig_29_18	1
515	-568	contig_29_18	1
516	-567	contig_29_18	1
517	-566	contig_29_18	1
518	-565	contig_29_18	1
519	-564	contig_29_18	1
520	-563	contig_29_18	1
521	-562	contig_29_18	1
522	-561	contig_29_18	1
523	-560	contig_29_18	1
524	-559	contig_29_18	1
525	-777	contig_29_18	1
526	-776	contig_29_18	1
527	-775	contig_29_18	1
528	-774	contig_29_18	1
529	-773	contig_29_18	1
530	-772	contig_29_18	1
531	-771	contig_29_18	1
532	-770	contig_29_18	1
533	-769	contig_29_18	1
534	-768	contig_29_18	1
535	-767	contig_29_18	1
536	-766	contig_29_18	1
537	-765	contig_29_18	1
538	-764	contig_29_18	1
539	-763	contig_29_18	1
540	-762	contig_29_18	1
541	-761	contig_29_18	1
542	-760	contig_29_18	1
543	-759	contig_29_18	1
544	-758	contig_29_18	1
545	-757	contig_29_18	1
546	-756	contig_29_18	1
547	-755	contig_29_18	1
548	-754	contig_29_18	1
549	-753	contig_29_18	1
550	-752	contig_29_18	1
551	-751	contig_29_18	1
552	-750	contig_29_18	1
553	-749	contig_29_18	1
554	-748	contig_29_18	1
555	-747	contig_29_18	1
556	-746	contig_29_18	1
557	-745	contig_29_18	1
558	-744	contig_29_18	1
559	-743	contig_29_18	1
560	-742	contig_29_18	1
561	-741	contig_29_18	1
562	-799	contig_29_18	1
563	-798	contig_29_18	1
564	-797	contig_29_18	1
565	504	contig_29_18	1
566	106	contig_29_18	1
567	121	contig_29_18	1
568	122	contig_29_18	1
569	123	contig_29_18	1
570	-796	contig_29_18	1
571	-795	contig_29_18	1
572	-740	contig_29_18	1
573	-335	contig_29_18	1
574	-334	contig_29_18	1
575	-333	contig_29_18	1
576	-332	contig_29_18	1
577	80	contig_29_18	1
578	-739	contig_29_18	1
579	-306	contig_29_18	1
580	-305	contig_29_18	1
581	-304	contig_29_18	1
582	-303	contig_29_18	1
583	-302	contig_29_18	1
584	-738	contig_29_18	1
585	-737	contig_29_18	1
586	-736	contig_29_18	1
587	-735	contig_29_18	1
588	-734	contig_29_18	1
589	-733	contig_29_18	1
590	-732	contig_29_18	1
591	-731	contig_29_18	1
592	-730	contig_29_18	1
593	-729	contig_29_18	1
594	-728	contig_29_18	1
595	-727	contig_29_18	1
596	-726	contig_29_18	1
597	-725	contig_29_18	1
598	-724	contig_29_18	1
599	-723	contig_29_18	1
600	-722	contig_29_18	1
601	-721	contig_29_18	1
602	-720	contig_29_18	1
603	-719	contig_29_18	1
604	-718	contig_29_18	1
605	-717	contig_29_18	1
606	938	contig_29_18	1
607	939	contig_29_18	1
608	940	contig_29_18	1
609	941	contig_29_18	1
610	942	contig_29_18	1
611	-716	contig_29_18	1
612	-715	contig_29_18	1
613	-714	contig_29_18	1
614	-713	contig_29_18	1
615	-673	contig_29_18	1
616	309	contig_29_18	1
617	310	contig_29_18	1
618	322	contig_29_18	1
619	323	contig_29_18	1
620	324	contig_29_18	1
621	325	contig_29_18	1
622	326	contig_29_18	1
623	937	contig_29_18	1
624	938	contig_29_18	1
625	939	contig_29_18	1
626	940	contig_29_18	1
627	941	contig_29_18	1
628	311	contig_29_18	1
629	312	contig_29_18	1
630	-712	contig_29_18	1
631	-711	contig_29_18	1
632	-710	contig_29_18	1
633	-709	contig_29_18	1
634	-640	contig_43_42	1
635	-639	contig_43_42	1
636	-638	contig_43_42	1
637	-637	contig_43_42	1
638	346	contig_43_42	1
639	347	contig_43_42	1
640	348	contig_43_42	1
641	349	contig_43_42	1
642	350	contig_43_42	1
643	-636	contig_43_42	1
644	-653	contig_43_42	1
645	-652	contig_43_42	1
646	-651	contig_43_42	1
647	-650	contig_43_42	1
648	-649	contig_43_42	1
649	-648	contig_43_42	1
650	-647	contig_43_42	1
651	-646	contig_43_42	1
652	-645	contig_43_42	1
653	-644	contig_43_42	1
654	-643	contig_43_42	1
655	-642	contig_43_42	1
656	-641	contig_43_42	1
657	519	contig_35_44	1
658	520	contig_35_44	1
659	521	contig_35_44	1
660	522	contig_35_44	1
661	523	contig_35_44	1
662	524	contig_35_44	1
663	525	contig_35_44	1
664	526	contig_35_44	1
665	527	contig_35_44	1
666	528	contig_35_44	1
667	529	contig_35_44	1
668	530	contig_35_44	1
669	531	contig_35_44	1
670	-109	contig_35_44	1
671	-108	contig_35_44	1
672	-107	contig_35_44	1
673	-106	contig_35_44	1
674	-105	contig_35_44	1
675	532	contig_35_44	1
676	533	contig_35_44	1
677	534	contig_35_44	1
678	535	contig_35_44	1
679	536	contig_35_44	1
680	-635	contig_35_44	1
681	-634	contig_35_44	1
682	-633	contig_35_44	1
683	-632	contig_35_44	1
684	-785	contig_35_44	1
685	-784	contig_35_44	1
686	-783	contig_35_44	1
687	878	contig_35_44	1
688	300	contig_35_44	1
689	301	contig_35_44	1
690	302	contig_35_44	1
691	303	contig_35_44	1
692	304	contig_35_44	1
693	879	contig_35_44	1
694	-458	contig_35_44	1
695	-457	contig_35_44	1
696	-114	contig_35_44	1
697	-113	contig_35_44	1
698	-112	contig_35_44	1
699	-111	contig_35_44	1
700	-110	contig_35_44	1
701	-456	contig_35_44	1
702	-455	contig_35_44	1
703	-454	contig_35_44	1
704	880	contig_35_44	1
705	881	contig_35_44	1
706	463	contig_35_44	1
707	464	contig_35_44	1
708	465	contig_35_44	1
709	466	contig_35_44	1
710	937	contig_35_44	1
711	938	contig_35_44	1
712	939	contig_35_44	1
713	940	contig_35_44	1
714	-281	contig_38_37	1
715	-280	contig_38_37	1
716	-404	contig_38_37	1
717	-403	contig_38_37	1
718	-402	contig_38_37	1
719	-401	contig_38_37	1
720	-400	contig_38_37	1
721	-399	contig_38_37	1
722	639	contig_38_37	1
723	640	contig_38_37	1
724	641	contig_38_37	1
725	642	contig_38_37	1
726	643	contig_38_37	1
727	-398	contig_38_37	1
728	-397	contig_38_37	1
729	-396	contig_38_37	1
730	-395	contig_38_37	1
731	-394	contig_38_37	1
732	-393	contig_38_37	1
733	-392	contig_38_37	1
734	-391	contig_38_37	1
735	-390	contig_38_37	1
736	-389	contig_38_37	1
737	-388	contig_38_37	1
738	-344	contig_38_37	1
739	-343	contig_38_37	1
740	-342	contig_38_37	1
741	-341	contig_38_37	1
742	-340	contig_38_37	1
743	-387	contig_38_37	1
744	-386	contig_38_37	1
745	-385	contig_38_37	1
746	-384	contig_38_37	1
747	-383	contig_38_37	1
748	-382	contig_38_37	1
749	-381	contig_38_37	1
750	-380	contig_38_37	1
751	-379	contig_38_37	1
752	-378	contig_38_37	1
753	-377	contig_38_37	1
754	-376	contig_38_37	1
755	-375	contig_38_37	1
756	-374	contig_38_37	1
757	-373	contig_38_37	1
758	-372	contig_38_37	1
759	-371	contig_38_37	1
760	-370	contig_38_37	1
761	-369	contig_38_37	1
762	-368	contig_38_37	1
763	-367	contig_38_37	1
764	-366	contig_38_37	1
765	-365	contig_38_37	1
766	-364	contig_38_37	1
767	-385	contig_38_37	1
768	-384	contig_38_37	1
769	-383	contig_38_37	1
770	-382	contig_38_37	1
771	-381	contig_38_37	1
772	-425	contig_38_37	1
773	-424	contig_38_37	1
774	-14	contig_38_37	1
775	-13	contig_38_37	1
776	-12	contig_38_37	1
777	-11	contig_38_37	1
778	-10	contig_38_37	1
779	-423	contig_38_37	1
780	-422	contig_38_37	1
781	-421	contig_38_37	1
782	-363	contig_38_37	1
783	-362	contig_38_37	1
784	-361	contig_38_37	1
785	-360	contig_38_37	1
786	-359	contig_38_37	1
787	-358	contig_38_37	1
788	-357	contig_38_37	1
789	-356	contig_38_37	1
790	-355	contig_38_37	1
791	-178	contig_38_37	1
792	-177	contig_38_37	1
793	-176	contig_38_37	1
794	-175	contig_38_37	1
795	-174	contig_38_37	1
796	-354	contig_38_37	1
797	-353	contig_38_37	1
798	-352	contig_38_37	1
799	-351	contig_38_37	1
800	-350	contig_38_37	1
801	-349	contig_38_37	1
802	-348	contig_38_37	1
803	-347	contig_38_37	1
804	-346	contig_38_37	1
805	-345	contig_38_37	1
806	-344	contig_38_37	1
807	-343	contig_38_37	1
808	-342	contig_38_37	1
809	-341	contig_38_37	1
810	-340	contig_38_37	1
811	-339	contig_38_37	1
812	-338	contig_38_37	1
813	-337	contig_38_37	1
814	-336	contig_38_37	1
815	-335	contig_38_37	1
816	-334	contig_38_37	1
817	-333	contig_38_37	1
818	-332	contig_38_37	1
819	80	contig_38_37	1
820	81	contig_38_37	1
821	82	contig_38_37	1
822	-421	contig_38_37	1
823	-363	contig_38_37	1
824	-466	contig_38_37	1
825	-465	contig_38_37	1
826	-464	contig_38_37	1
827	-463	contig_38_37	1
828	-462	contig_38_37	1
829	-362	contig_38_37	1
830	-361	contig_38_37	1
831	-360	contig_38_37	1
832	-197	contig_38_37	1
833	-196	contig_38_37	1
834	-331	contig_38_37	1
835	-330	contig_38_37	1
836	-329	contig_38_37	1
837	-328	contig_38_37	1
838	-327	contig_38_37	1
839	-326	contig_38_37	1
840	-325	contig_38_37	1
841	-324	contig_38_37	1
842	-323	contig_38_37	1
843	-322	contig_38_37	1
844	-321	contig_38_37	1
845	-320	contig_38_37	1
846	-319	contig_38_37	1
847	-318	contig_38_37	1
848	-317	contig_38_37	1
849	-316	contig_38_37	1
850	-315	contig_38_37	1
851	-314	contig_38_37	1
852	-313	contig_38_37	1
853	-312	contig_38_37	1
854	-311	contig_38_37	1
855	-310	contig_38_37	1
856	-309	contig_38_37	1
857	673	contig_38_37	1
858	674	contig_38_37	1
859	675	contig_38_37	1
860	676	contig_38_37	1
861	677	contig_38_37	1
862	678	contig_38_37	1
863	679	contig_38_37	1
864	680	contig_38_37	1
865	681	contig_38_37	1
866	682	contig_38_37	1
867	683	contig_38_37	1
868	684	contig_38_37	1
869	685	contig_38_37	1
870	686	contig_38_37	1
871	687	contig_38_37	1
872	688	contig_38_37	1
873	689	contig_38_37	1
874	690	contig_38_37	1
875	691	contig_38_37	1
876	692	contig_38_37	1
877	693	contig_38_37	1
878	694	contig_38_37	1
879	695	contig_38_37	1
880	696	contig_38_37	1
881	697	contig_38_37	1
882	698	contig_38_37	1
883	699	contig_38_37	1
884	700	contig_38_37	1
885	751	contig_38_37	1
886	-558	contig_38_37	1
887	70	contig_38_37	1
888	71	contig_38_37	1
889	657	contig_38_37	1
890	658	contig_38_37	1
891	659	contig_38_37	1
892	-557	contig_38_37	1
893	746	contig_38_37	1
894	747	contig_38_37	1
895	748	contig_38_37	1
896	749	contig_38_37	1
897	750	contig_38_37	1
898	-556	contig_38_37	1
899	-555	contig_38_37	1
900	38	contig_38_37	1
901	39	contig_38_37	1
902	40	contig_38_37	1
903	41	contig_38_37	1
904	-440	contig_38_37	1
905	-439	contig_38_37	1
906	-438	contig_38_37	1
907	-104	contig_38_37	1
908	-103	contig_38_37	1
909	-102	contig_38_37	1
910	-101	contig_38_37	1
911	-100	contig_38_37	1
912	-437	contig_38_37	1
913	-436	contig_38_37	1
914	-435	contig_38_37	1
915	-434	contig_38_37	1
916	-433	contig_38_37	1
917	-432	contig_38_37	1
918	-431	contig_38_37	1
919	-430	contig_38_37	1
920	-429	contig_38_37	1
921	-465	contig_38_37	1
922	-464	contig_38_37	1
923	-463	contig_38_37	1
924	-462	contig_38_37	1
925	-461	contig_38_37	1
926	-428	contig_38_37	1
927	-427	contig_38_37	1
928	-426	contig_38_37	1
929	-425	contig_38_37	1
930	-424	contig_38_37	1
931	-423	contig_38_37	1
932	-422	contig_38_37	1
933	-421	contig_38_37	1
934	-420	contig_38_37	1
935	84	contig_38_37	1
936	85	contig_38_37	1
937	86	contig_38_37	1
938	87	contig_38_37	1
939	88	contig_38_37	1
940	-419	contig_38_37	1
941	-418	contig_38_37	1
942	-417	contig_38_37	1
943	-416	contig_38_37	1
944	-415	contig_38_37	1
945	-414	contig_38_37	1
946	-413	contig_38_37	1
947	-412	contig_38_37	1
948	-411	contig_38_37	1
949	-410	contig_38_37	1
950	-409	contig_38_37	1
951	-408	contig_38_37	1
952	-407	contig_38_37	1
953	-406	contig_38_37	1
954	-405	contig_38_37	1
955	-284	contig_38_37	1
956	-283	contig_38_37	1
957	-282	contig_38_37	1
958	490	contig_33_11	1
959	491	contig_33_11	1
960	492	contig_33_11	1
961	493	contig_33_11	1
962	940	contig_33_11	1
963	941	contig_33_11	1
964	942	contig_33_11	1
965	868	contig_33_11	1
966	-73	contig_33_11	1
967	494	contig_33_11	1
968	495	contig_33_11	1
969	496	contig_33_11	1
970	497	contig_33_11	1
971	498	contig_33_11	1
972	499	contig_33_11	1
973	500	contig_33_11	1
974	501	contig_33_11	1
975	502	contig_33_11	1
976	503	contig_33_11	1
977	504	contig_33_11	1
978	505	contig_33_11	1
979	506	contig_33_11	1
980	507	contig_33_11	1
981	101	contig_33_11	1
982	464	contig_33_11	1
983	465	contig_33_11	1
984	466	contig_33_11	1
985	467	contig_33_11	1
986	508	contig_33_11	1
987	509	contig_33_11	1
988	510	contig_33_11	1
989	614	contig_33_11	1
990	615	contig_33_11	1
991	616	contig_33_11	1
992	617	contig_33_11	1
993	618	contig_33_11	1
994	511	contig_33_11	1
995	512	contig_33_11	1
996	513	contig_33_11	1
997	514	contig_33_11	1
998	515	contig_33_11	1
999	516	contig_33_11	1
1000	98	contig_33_11	1
1001	99	contig_33_11	1
1002	100	contig_33_11	1
1003	101	contig_33_11	1
1004	102	contig_33_11	1
1005	463	contig_33_11	1
1006	-720	contig_41_40	1
1007	-719	contig_41_40	1
1008	-718	contig_41_40	1
1009	-667	contig_41_40	1
1010	104	contig_41_40	1
1011	105	contig_41_40	1
1012	106	contig_41_40	1
1013	107	contig_41_40	1
1014	108	contig_41_40	1
1015	-666	contig_41_40	1
1016	-665	contig_41_40	1
1017	-664	contig_41_40	1
1018	-663	contig_41_40	1
1019	-662	contig_41_40	1
1020	-661	contig_41_40	1
1021	-660	contig_41_40	1
1022	-659	contig_41_40	1
1023	-658	contig_41_40	1
1024	-657	contig_41_40	1
1025	-656	contig_41_40	1
1026	-655	contig_41_40	1
1027	-654	contig_41_40	1
1028	-722	contig_41_40	1
1029	-721	contig_41_40	1
1030	946	contig_48	1
1031	947	contig_48	1
1032	948	contig_48	1
1033	949	contig_48	1
1034	950	contig_48	1
1035	951	contig_48	1
1036	952	contig_48	1
1037	953	contig_48	1
1038	954	contig_48	1
1039	955	contig_48	1
1040	956	contig_48	1
1041	957	contig_48	1
1042	958	contig_48	1
1043	959	contig_48	1
1044	960	contig_48	1
1045	961	contig_48	1
1046	962	contig_48	1
1047	-824	contig_13_12	1
1048	-823	contig_13_12	1
1049	431	contig_13_12	1
1050	464	contig_13_12	1
1051	465	contig_13_12	1
1052	466	contig_13_12	1
1053	467	contig_13_12	1
1054	103	contig_13_12	1
1055	197	contig_13_12	1
1056	360	contig_13_12	1
1057	361	contig_13_12	1
1058	362	contig_13_12	1
1059	462	contig_13_12	1
1060	104	contig_13_12	1
1061	105	contig_13_12	1
1062	106	contig_13_12	1
1063	-825	contig_13_12	1
1064	-116	contig_21_22	1
1065	-115	contig_21_22	1
1066	-114	contig_21_22	1
1067	-113	contig_21_22	1
1068	-112	contig_21_22	1
1069	-753	contig_21_22	1
1070	-752	contig_21_22	1
1071	778	contig_21_22	1
1072	779	contig_21_22	1
1073	780	contig_21_22	1
1074	781	contig_21_22	1
1075	782	contig_21_22	1
1076	783	contig_21_22	1
1077	784	contig_21_22	1
1078	785	contig_21_22	1
1079	786	contig_21_22	1
1080	787	contig_21_22	1
1081	788	contig_21_22	1
1082	789	contig_21_22	1
1083	790	contig_21_22	1
1084	791	contig_21_22	1
1085	792	contig_21_22	1
1086	793	contig_21_22	1
1087	-150	contig_21_22	1
1088	-149	contig_21_22	1
1089	-148	contig_21_22	1
1090	-147	contig_21_22	1
1091	-146	contig_21_22	1
1092	794	contig_21_22	1
1093	795	contig_21_22	1
1094	796	contig_21_22	1
1095	797	contig_21_22	1
1096	798	contig_21_22	1
1097	799	contig_21_22	1
1098	800	contig_21_22	1
1099	801	contig_21_22	1
1100	802	contig_21_22	1
1101	803	contig_21_22	1
1102	743	contig_21_22	1
1103	744	contig_21_22	1
1104	745	contig_21_22	1
1105	265	contig_30_31	1
1106	266	contig_30_31	1
1107	267	contig_30_31	1
1108	268	contig_30_31	1
1109	269	contig_30_31	1
1110	270	contig_30_31	1
1111	271	contig_30_31	1
1112	272	contig_30_31	1
1113	273	contig_30_31	1
1114	274	contig_30_31	1
1115	275	contig_30_31	1
1116	276	contig_30_31	1
1117	277	contig_30_31	1
1118	278	contig_30_31	1
1119	279	contig_30_31	1
1120	280	contig_30_31	1
1121	281	contig_30_31	1
1122	282	contig_30_31	1
1123	283	contig_30_31	1
1124	284	contig_30_31	1
1125	285	contig_30_31	1
1126	286	contig_30_31	1
1127	287	contig_30_31	1
1128	288	contig_30_31	1
1129	289	contig_30_31	1
1130	290	contig_32_10	1
1131	291	contig_32_10	1
1132	292	contig_32_10	1
1133	293	contig_32_10	1
1134	294	contig_32_10	1
1135	295	contig_32_10	1
1136	296	contig_32_10	1
1137	297	contig_32_10	1
1138	298	contig_32_10	1
1139	299	contig_32_10	1
1140	300	contig_32_10	1
1141	301	contig_32_10	1
1142	302	contig_32_10	1
1143	303	contig_32_10	1
1144	304	contig_32_10	1
1145	305	contig_32_10	1
1146	306	contig_32_10	1
1147	833	contig_32_10	1
1148	834	contig_32_10	1
1149	835	contig_32_10	1
1150	836	contig_32_10	1
1151	837	contig_32_10	1
1152	307	contig_32_10	1
1153	308	contig_32_10	1
1154	-672	contig_32_10	1
1155	-671	contig_32_10	1
1156	-670	contig_32_10	1
1157	-669	contig_32_10	1
1158	93	contig_32_10	1
1159	453	contig_32_10	1
1160	454	contig_32_10	1
1161	455	contig_32_10	1
1162	456	contig_32_10	1
1163	457	contig_32_10	1
1164	458	contig_32_10	1
1165	459	contig_32_10	1
1166	460	contig_32_10	1
1167	461	contig_32_10	1
1168	462	contig_32_10	1
1169	463	contig_32_10	1
1170	-204	contig_32_10	1
1171	-203	contig_32_10	1
1172	99	contig_32_10	1
1173	100	contig_32_10	1
1174	101	contig_32_10	1
1175	464	contig_32_10	1
1176	465	contig_32_10	1
1177	466	contig_32_10	1
1178	467	contig_32_10	1
1179	470	contig_32_10	1
1180	471	contig_32_10	1
1181	472	contig_32_10	1
1182	473	contig_32_10	1
1183	474	contig_32_10	1
1184	468	contig_32_10	1
1185	469	contig_32_10	1
1186	470	contig_32_10	1
1187	471	contig_32_10	1
1188	472	contig_32_10	1
1189	473	contig_32_10	1
1190	474	contig_32_10	1
1191	475	contig_32_10	1
1192	476	contig_32_10	1
1193	477	contig_32_10	1
1194	-198	contig_32_10	1
1195	83	contig_32_10	1
1196	84	contig_32_10	1
1197	85	contig_32_10	1
1198	86	contig_32_10	1
1199	478	contig_32_10	1
1200	479	contig_32_10	1
1201	480	contig_32_10	1
1202	481	contig_32_10	1
1203	482	contig_32_10	1
1204	483	contig_32_10	1
1205	484	contig_32_10	1
1206	485	contig_32_10	1
1207	667	contig_32_10	1
1208	668	contig_32_10	1
1209	669	contig_32_10	1
1210	670	contig_32_10	1
1211	671	contig_32_10	1
1212	486	contig_32_10	1
1213	487	contig_32_10	1
1214	488	contig_32_10	1
1215	489	contig_32_10	1
1216	80	contig_32_10	1
1217	81	contig_32_10	1
1218	82	contig_32_10	1
1219	-197	contig_32_10	1
1220	-196	contig_32_10	1
1221	15	contig_32_10	1
1222	16	contig_32_10	1
1223	17	contig_32_10	1
1224	97	contig_32_10	1
1225	896	contig_46_45	1
1226	897	contig_46_45	1
1227	898	contig_46_45	1
1228	899	contig_46_45	1
1229	900	contig_46_45	1
1230	901	contig_46_45	1
1231	902	contig_46_45	1
1232	903	contig_46_45	1
1233	904	contig_46_45	1
1234	905	contig_46_45	1
1235	906	contig_46_45	1
1236	907	contig_46_45	1
1237	908	contig_46_45	1
1238	909	contig_46_45	1
1239	910	contig_46_45	1
1240	911	contig_46_45	1
1241	912	contig_46_45	1
1242	913	contig_46_45	1
1243	914	contig_46_45	1
1244	915	contig_46_45	1
1245	916	contig_46_45	1
1246	941	contig_46_45	1
1247	467	contig_46_45	1
1248	882	contig_46_45	1
1249	883	contig_46_45	1
1250	884	contig_46_45	1
1251	885	contig_46_45	1
1252	886	contig_46_45	1
1253	887	contig_46_45	1
1254	888	contig_46_45	1
1255	889	contig_46_45	1
1256	890	contig_46_45	1
1257	891	contig_46_45	1
1258	892	contig_46_45	1
1259	893	contig_46_45	1
1260	894	contig_46_45	1
1261	895	contig_46_45	1
1262	-708	contig_19_20	1
1263	-707	contig_19_20	1
1264	-706	contig_19_20	1
1265	-705	contig_19_20	1
1266	-704	contig_19_20	1
1267	-703	contig_19_20	1
1268	-702	contig_19_20	1
1269	-959	contig_19_20	1
1270	-958	contig_19_20	1
1271	-957	contig_19_20	1
1272	-956	contig_19_20	1
1273	-955	contig_19_20	1
1274	-701	contig_19_20	1
1275	-755	contig_19_20	1
1276	-754	contig_19_20	1
1277	988	contig_50_49	1
1278	989	contig_50_49	1
1279	990	contig_50_49	1
1280	991	contig_50_49	1
1281	992	contig_50_49	1
1282	993	contig_50_49	1
1283	360	contig_50_49	1
1284	361	contig_50_49	1
1285	362	contig_50_49	1
1286	363	contig_50_49	1
1287	421	contig_50_49	1
1288	994	contig_50_49	1
1289	995	contig_50_49	1
1290	996	contig_50_49	1
1291	997	contig_50_49	1
1292	998	contig_50_49	1
1293	999	contig_50_49	1
1294	1000	contig_50_49	1
1295	727	contig_50_49	1
1296	728	contig_50_49	1
1297	729	contig_50_49	1
1298	730	contig_50_49	1
1299	731	contig_50_49	1
1300	963	contig_50_49	1
1301	964	contig_50_49	1
1302	965	contig_50_49	1
1303	966	contig_50_49	1
1304	967	contig_50_49	1
1305	968	contig_50_49	1
1306	969	contig_50_49	1
1307	970	contig_50_49	1
1308	971	contig_50_49	1
1309	972	contig_50_49	1
1310	973	contig_50_49	1
1311	974	contig_50_49	1
1312	975	contig_50_49	1
1313	976	contig_50_49	1
1314	977	contig_50_49	1
1315	978	contig_50_49	1
1316	979	contig_50_49	1
1317	980	contig_50_49	1
1318	-435	contig_50_49	1
1319	944	contig_50_49	1
1320	945	contig_50_49	1
1321	946	contig_50_49	1
1322	947	contig_50_49	1
1323	948	contig_50_49	1
1324	-434	contig_50_49	1
1325	-433	contig_50_49	1
1326	-432	contig_50_49	1
1327	-431	contig_50_49	1
1328	981	contig_50_49	1
1329	982	contig_50_49	1
1330	983	contig_50_49	1
1331	984	contig_50_49	1
1332	985	contig_50_49	1
1333	986	contig_50_49	1
1334	987	contig_50_49	1
1335	-629	contig_24_25	1
1336	-628	contig_24_25	1
1337	-627	contig_24_25	1
1338	-626	contig_24_25	1
1339	-625	contig_24_25	1
1340	-624	contig_24_25	1
1341	-623	contig_24_25	1
1342	-622	contig_24_25	1
1343	-621	contig_24_25	1
1344	-620	contig_24_25	1
1345	-757	contig_24_25	1
1346	-756	contig_24_25	1
1347	-755	contig_24_25	1
1348	-754	contig_24_25	1
1349	-753	contig_24_25	1
1350	-619	contig_24_25	1
1351	-618	contig_24_25	1
1352	-617	contig_24_25	1
1353	-616	contig_24_25	1
1354	-615	contig_24_25	1
1355	-614	contig_24_25	1
1356	-613	contig_24_25	1
1357	-612	contig_24_25	1
1358	-611	contig_24_25	1
1359	-610	contig_24_25	1
1360	-609	contig_24_25	1
1361	-608	contig_24_25	1
1362	-607	contig_24_25	1
1363	-606	contig_24_25	1
1364	-605	contig_24_25	1
1365	-604	contig_24_25	1
1366	-603	contig_24_25	1
1367	-602	contig_24_25	1
1368	-601	contig_24_25	1
1369	-600	contig_24_25	1
1370	-599	contig_24_25	1
1371	-598	contig_24_25	1
1372	-597	contig_24_25	1
1373	917	contig_47_36	1
1374	918	contig_47_36	1
1375	919	contig_47_36	1
1376	920	contig_47_36	1
1377	921	contig_47_36	1
1378	922	contig_47_36	1
1379	923	contig_47_36	1
1380	924	contig_47_36	1
1381	925	contig_47_36	1
1382	926	contig_47_36	1
1383	927	contig_47_36	1
1384	928	contig_47_36	1
1385	169	contig_47_36	1
1386	170	contig_47_36	1
1387	171	contig_47_36	1
1388	172	contig_47_36	1
1389	173	contig_47_36	1
1390	929	contig_47_36	1
1391	930	contig_47_36	1
1392	931	contig_47_36	1
1393	932	contig_47_36	1
1394	933	contig_47_36	1
1395	-440	contig_47_36	1
1396	-439	contig_47_36	1
1397	-438	contig_47_36	1
1398	-437	contig_47_36	1
1399	-436	contig_47_36	1
1400	934	contig_47_36	1
1401	935	contig_47_36	1
1402	936	contig_47_36	1
1403	937	contig_47_36	1
1404	938	contig_47_36	1
1405	939	contig_47_36	1
1406	940	contig_47_36	1
1407	941	contig_47_36	1
1408	942	contig_47_36	1
1409	943	contig_47_36	1
1410	944	contig_47_36	1
1411	945	contig_47_36	1
1412	537	contig_47_36	1
1413	538	contig_47_36	1
1414	539	contig_47_36	1
1415	540	contig_47_36	1
1416	541	contig_47_36	1
1417	487	contig_47_36	1
1418	488	contig_47_36	1
1419	489	contig_47_36	1
1420	490	contig_47_36	1
1421	538	contig_47_36	1
1422	539	contig_47_36	1
1423	540	contig_47_36	1
1424	541	contig_47_36	1
1425	487	contig_47_36	1
1426	491	contig_47_36	1
1427	542	contig_47_36	1
1428	543	contig_47_36	1
1429	-72	contig_47_36	1
1430	-661	contig_47_36	1
1431	-660	contig_47_36	1
1432	-659	contig_47_36	1
1433	869	contig_47_36	1
1434	-447	contig_47_36	1
1435	-446	contig_47_36	1
1436	-445	contig_47_36	1
1437	-444	contig_47_36	1
1438	-443	contig_47_36	1
1439	-442	contig_47_36	1
1440	439	contig_47_36	1
1441	440	contig_47_36	1
1442	-933	contig_47_36	1
1443	-932	contig_47_36	1
1444	-931	contig_47_36	1
1445	-441	contig_47_36	1
1446	-81	contig_47_36	1
1447	-80	contig_47_36	1
1448	-79	contig_47_36	1
1449	-78	contig_47_36	1
1450	36	contig_47_36	1
