1	241	contig_29_18	1
2	242	contig_29_18	1
3	772	contig_29_18	1
4	773	contig_29_18	1
5	-733	contig_29_18	1
6	-732	contig_29_18	1
7	-731	contig_29_18	1
8	-730	contig_29_18	1
9	-729	contig_29_18	1
10	774	contig_29_18	1
11	775	contig_29_18	1
12	776	contig_29_18	1
13	243	contig_29_18	1
14	244	contig_29_18	1
15	245	contig_29_18	1
16	246	contig_29_18	1
17	247	contig_29_18	1
18	363	contig_29_18	1
19	421	contig_29_18	1
20	994	contig_29_18	1
21	995	contig_29_18	1
22	996	contig_29_18	1
23	248	contig_29_18	1
24	249	contig_29_18	1
25	250	contig_29_18	1
26	251	contig_29_18	1
27	252	contig_29_18	1
28	253	contig_29_18	1
29	254	contig_29_18	1
30	255	contig_29_18	1
31	256	contig_29_18	1
32	257	contig_29_18	1
33	258	contig_29_18	1
34	259	contig_29_18	1
35	260	contig_29_18	1
36	261	contig_29_18	1
37	262	contig_29_18	1
38	263	contig_29_18	1
39	264	contig_29_18	1
40	207	contig_29_18	1
41	208	contig_29_18	1
42	500	contig_29_18	1
43	501	contig_29_18	1
44	502	contig_29_18	1
45	-595	contig_29_18	1
46	-594	contig_29_18	1
47	-593	contig_29_18	1
48	-592	contig_29_18	1
49	-591	contig_29_18	1
50	-590	contig_29_18	1
51	-589	contig_29_18	1
52	-588	contig_29_18	1
53	-587	contig_29_18	1
54	-586	contig_29_18	1
55	-585	contig_29_18	1
56	-584	contig_29_18	1
57	-583	contig_29_18	1
58	-582	contig_29_18	1
59	-581	contig_29_18	1
60	-580	contig_29_18	1
61	-579	contig_29_18	1
62	-578	contig_29_18	1
63	-577	contig_29_18	1
64	-576	contig_29_18	1
65	-575	contig_29_18	1
66	-574	contig_29_18	1
67	-573	contig_29_18	1
68	-572	contig_29_18	1
69	-571	contig_29_18	1
70	919	contig_29_18	1
71	920	contig_29_18	1
72	921	contig_29_18	1
73	922	contig_29_18	1
74	923	contig_29_18	1
75	-570	contig_29_18	1
76	-569	contig_29_18	1
77	-568	contig_29_18	1
78	-567	contig_29_18	1
79	-566	contig_29_18	1
80	-565	contig_29_18	1
81	-564	contig_29_18	1
82	-563	contig_29_18	1
83	-562	contig_29_18	1
84	-561	contig_29_18	1
85	-560	contig_29_18	1
86	-559	contig_29_18	1
87	-777	contig_29_18	1
88	-776	contig_29_18	1
89	-775	contig_29_18	1
90	-774	contig_29_18	1
91	-773	contig_29_18	1
92	-772	contig_29_18	1
93	-771	contig_29_18	1
94	-770	contig_29_18	1
95	-769	contig_29_18	1
96	-768	contig_29_18	1
97	-767	contig_29_18	1
98	-766	contig_29_18	1
99	-765	contig_29_18	1
100	-764	contig_29_18	1
101	-763	contig_29_18	1
102	-762	contig_29_18	1
103	-761	contig_29_18	1
104	-760	contig_29_18	1
105	-759	contig_29_18	1
106	-758	contig_29_18	1
107	-757	contig_29_18	1
108	-756	contig_29_18	1
109	-755	contig_29_18	1
110	-754	contig_29_18	1
111	-753	contig_29_18	1
112	-752	contig_29_18	1
113	-751	contig_29_18	1
114	-750	contig_29_18	1
115	-749	contig_29_18	1
116	-748	contig_29_18	1
117	-747	contig_29_18	1
118	-746	contig_29_18	1
119	-745	contig_29_18	1
120	-744	contig_29_18	1
121	-743	contig_29_18	1
122	-742	contig_29_18	1
123	-741	contig_29_18	1
124	-799	contig_29_18	1
125	-798	contig_29_18	1
126	-797	contig_29_18	1
127	504	contig_29_18	1
128	106	contig_29_18	1
129	121	contig_29_18	1
130	122	contig_29_18	1
131	123	contig_29_18	1
132	-796	contig_29_18	1
133	-795	contig_29_18	1
134	-740	contig_29_18	1
135	-335	contig_29_18	1
136	-334	contig_29_18	1
137	-333	contig_29_18	1
138	-332	contig_29_18	1
139	80	contig_29_18	1
140	-739	contig_29_18	1
141	-306	contig_29_18	1
142	-305	contig_29_18	1
143	-304	contig_29_18	1
144	-303	contig_29_18	1
145	-302	contig_29_18	1
146	-738	contig_29_18	1
147	-737	contig_29_18	1
148	-736	contig_29_18	1
149	-735	contig_29_18	1
150	-734	contig_29_18	1
151	-733	contig_29_18	1
152	-732	contig_29_18	1
153	-731	contig_29_18	1
154	-730	contig_29_18	1
155	-729	contig_29_18	1
156	-728	contig_29_18	1
157	-727	contig_29_18	1
158	-726	contig_29_18	1
159	-725	contig_29_18	1
160	-724	contig_29_18	1
161	-723	contig_29_18	1
162	-722	contig_29_18	1
163	-721	contig_29_18	1
164	-720	contig_29_18	1
165	-719	contig_29_18	1
166	-718	contig_29_18	1
167	-717	contig_29_18	1
168	938	contig_29_18	1
169	939	contig_29_18	1
170	940	contig_29_18	1
171	941	contig_29_18	1
172	942	contig_29_18	1
173	-716	contig_29_18	1
174	-715	contig_29_18	1
175	-714	contig_29_18	1
176	-713	contig_29_18	1
177	-673	contig_29_18	1
178	309	contig_29_18	1
179	310	contig_29_18	1
180	322	contig_29_18	1
181	323	contig_29_18	1
182	324	contig_29_18	1
183	325	contig_29_18	1
184	326	contig_29_18	1
185	937	contig_29_18	1
186	938	contig_29_18	1
187	939	contig_29_18	1
188	940	contig_29_18	1
189	941	contig_29_18	1
190	311	contig_29_18	1
191	312	contig_29_18	1
192	-712	contig_29_18	1
193	-711	contig_29_18	1
194	-710	contig_29_18	1
195	-709	contig_29_18	1
196	-640	contig_43_42	1
197	-639	contig_43_42	1
198	-638	contig_43_42	1
199	-637	contig_43_42	1
200	346	contig_43_42	1
201	347	contig_43_42	1
202	348	contig_43_42	1
203	349	contig_43_42	1
204	350	contig_43_42	1
205	-636	contig_43_42	1
206	-653	contig_43_42	1
207	-652	contig_43_42	1
208	-651	contig_43_42	1
209	-650	contig_43_42	1
210	-649	contig_43_42	1
211	-648	contig_43_42	1
212	-647	contig_43_42	1
213	-646	contig_43_42	1
214	-645	contig_43_42	1
215	-644	contig_43_42	1
216	-643	contig_43_42	1
217	-642	contig_43_42	1
218	-641	contig_43_42	1
219	-58	contig_7_8	1
220	-57	contig_7_8	1
221	-56	contig_7_8	1
222	-55	contig_7_8	1
223	-54	contig_7_8	1
224	-53	contig_7_8	1
225	-52	contig_7_8	1
226	-51	contig_7_8	1
227	-50	contig_7_8	1
228	-49	contig_7_8	1
229	-48	contig_7_8	1
230	-47	contig_7_8	1
231	-46	contig_7_8	1
232	-45	contig_7_8	1
233	-44	contig_7_8	1
234	-43	contig_7_8	1
235	-42	contig_7_8	1
236	-41	contig_7_8	1
237	-40	contig_7_8	1
238	-39	contig_7_8	1
239	-457	contig_7_8	1
240	517	contig_34	1
241	518	contig_34	1
242	-456	contig_9_4	1
243	-455	contig_9_4	1
244	-454	contig_9_4	1
245	-453	contig_9_4	1
246	-38	contig_9_4	1
247	-73	contig_9_4	1
248	-72	contig_9_4	1
249	-661	contig_9_4	1
250	-660	contig_9_4	1
251	-659	contig_9_4	1
252	-37	contig_9_4	1
253	-36	contig_9_4	1
254	78	contig_9_4	1
255	79	contig_9_4	1
256	-76	contig_9_4	1
257	-75	contig_9_4	1
258	-74	contig_9_4	1
259	-73	contig_9_4	1
260	-72	contig_9_4	1
261	-661	contig_9_4	1
262	42	contig_39	1
263	-554	contig_39	1
264	-553	contig_39	1
265	-552	contig_39	1
266	-551	contig_39	1
267	-550	contig_39	1
268	-549	contig_39	1
269	-548	contig_39	1
270	-547	contig_39	1
271	-546	contig_39	1
272	-545	contig_39	1
273	-544	contig_39	1
274	448	contig_39	1
275	449	contig_39	1
276	450	contig_39	1
277	451	contig_39	1
278	452	contig_39	1
279	89	contig_39	1
280	90	contig_39	1
281	91	contig_39	1
282	92	contig_39	1
283	-668	contig_39	1
284	-433	contig_6_5	1
285	-432	contig_6_5	1
286	-431	contig_6_5	1
287	823	contig_6_5	1
288	-63	contig_6_5	1
289	-62	contig_6_5	1
290	-61	contig_6_5	1
291	-60	contig_6_5	1
292	-59	contig_6_5	1
293	-660	contig_6_5	1
294	300	contig_6_5	1
295	301	contig_6_5	1
296	302	contig_6_5	1
297	303	contig_6_5	1
298	304	contig_6_5	1
299	-659	contig_6_5	1
300	-658	contig_6_5	1
301	-657	contig_6_5	1
302	-71	contig_6_5	1
303	-70	contig_6_5	1
304	-69	contig_6_5	1
305	-68	contig_6_5	1
306	-67	contig_6_5	1
307	-66	contig_6_5	1
308	254	contig_6_5	1
309	255	contig_6_5	1
310	256	contig_6_5	1
311	257	contig_6_5	1
312	258	contig_6_5	1
313	-65	contig_6_5	1
314	-64	contig_6_5	1
315	-434	contig_6_5	1
316	106	contig_15_14	1
317	432	contig_15_14	1
318	107	contig_15_14	1
319	108	contig_15_14	1
320	109	contig_15_14	1
321	110	contig_15_14	1
322	111	contig_15_14	1
323	112	contig_15_14	1
324	113	contig_15_14	1
325	114	contig_15_14	1
326	115	contig_15_14	1
327	116	contig_15_14	1
328	117	contig_15_14	1
329	786	contig_15_14	1
330	787	contig_15_14	1
331	788	contig_15_14	1
332	789	contig_15_14	1
333	790	contig_15_14	1
334	118	contig_15_14	1
335	119	contig_15_14	1
336	120	contig_15_14	1
337	102	contig_15_14	1
338	103	contig_15_14	1
339	104	contig_15_14	1
340	105	contig_15_14	1
341	500	contig_15_14	1
342	501	contig_15_14	1
343	502	contig_15_14	1
344	503	contig_15_14	1
345	504	contig_15_14	1
346	1	contig_1	1
347	2	contig_1	1
348	3	contig_1	1
349	4	contig_1	1
350	5	contig_1	1
351	6	contig_1	1
352	-847	contig_3_2	1
353	-846	contig_3_2	1
354	21	contig_3_2	1
355	22	contig_3_2	1
356	23	contig_3_2	1
357	24	contig_3_2	1
358	25	contig_3_2	1
359	26	contig_3_2	1
360	27	contig_3_2	1
361	28	contig_3_2	1
362	29	contig_3_2	1
363	30	contig_3_2	1
364	31	contig_3_2	1
365	687	contig_3_2	1
366	688	contig_3_2	1
367	689	contig_3_2	1
368	690	contig_3_2	1
369	691	contig_3_2	1
370	32	contig_3_2	1
371	33	contig_3_2	1
372	34	contig_3_2	1
373	35	contig_3_2	1
374	-77	contig_3_2	1
375	7	contig_3_2	1
376	8	contig_3_2	1
377	9	contig_3_2	1
378	10	contig_3_2	1
379	11	contig_3_2	1
380	12	contig_3_2	1
381	13	contig_3_2	1
382	14	contig_3_2	1
383	15	contig_3_2	1
384	16	contig_3_2	1
385	17	contig_3_2	1
386	18	contig_3_2	1
387	19	contig_3_2	1
388	20	contig_3_2	1
389	-850	contig_3_2	1
390	-849	contig_3_2	1
391	-848	contig_3_2	1
392	-596	contig_26_27	1
393	503	contig_26_27	1
394	504	contig_26_27	1
395	209	contig_26_27	1
396	210	contig_26_27	1
397	211	contig_26_27	1
398	212	contig_26_27	1
399	213	contig_26_27	1
400	214	contig_26_27	1
401	215	contig_26_27	1
402	216	contig_28_16	1
403	217	contig_28_16	1
404	218	contig_28_16	1
405	167	contig_28_16	1
406	168	contig_28_16	1
407	169	contig_28_16	1
408	170	contig_28_16	1
409	171	contig_28_16	1
410	219	contig_28_16	1
411	220	contig_28_16	1
412	221	contig_28_16	1
413	222	contig_28_16	1
414	223	contig_28_16	1
415	224	contig_28_16	1
416	225	contig_28_16	1
417	226	contig_28_16	1
418	227	contig_28_16	1
419	228	contig_28_16	1
420	229	contig_28_16	1
421	230	contig_28_16	1
422	231	contig_28_16	1
423	232	contig_28_16	1
424	233	contig_28_16	1
425	234	contig_28_16	1
426	235	contig_28_16	1
427	236	contig_28_16	1
428	237	contig_28_16	1
429	238	contig_28_16	1
430	239	contig_28_16	1
431	240	contig_28_16	1
432	121	contig_28_16	1
433	122	contig_28_16	1
434	123	contig_28_16	1
435	124	contig_28_16	1
436	125	contig_28_16	1
437	126	contig_28_16	1
438	127	contig_28_16	1
439	128	contig_28_16	1
440	129	contig_28_16	1
441	130	contig_28_16	1
442	131	contig_28_16	1
443	132	contig_28_16	1
444	133	contig_28_16	1
445	134	contig_28_16	1
446	135	contig_28_16	1
447	136	contig_28_16	1
448	137	contig_28_16	1
449	138	contig_28_16	1
450	139	contig_28_16	1
451	140	contig_28_16	1
452	141	contig_28_16	1
453	142	contig_28_16	1
454	143	contig_28_16	1
455	-244	contig_28_16	1
456	-243	contig_28_16	1
457	-776	contig_28_16	1
458	-775	contig_28_16	1
459	-774	contig_28_16	1
460	144	contig_28_16	1
461	145	contig_28_16	1
462	146	contig_28_16	1
463	147	contig_28_16	1
464	148	contig_28_16	1
465	149	contig_28_16	1
466	150	contig_28_16	1
467	151	contig_28_16	1
468	152	contig_28_16	1
469	153	contig_28_16	1
470	154	contig_28_16	1
471	155	contig_28_16	1
472	156	contig_28_16	1
473	157	contig_28_16	1
474	158	contig_28_16	1
475	159	contig_28_16	1
476	160	contig_28_16	1
477	161	contig_28_16	1
478	-261	contig_28_16	1
479	-260	contig_28_16	1
480	-259	contig_28_16	1
481	-258	contig_28_16	1
482	-257	contig_28_16	1
483	162	contig_28_16	1
484	163	contig_28_16	1
485	164	contig_28_16	1
486	165	contig_28_16	1
487	166	contig_28_16	1
488	167	contig_28_16	1
489	168	contig_28_16	1
490	169	contig_28_16	1
491	170	contig_28_16	1
492	171	contig_28_16	1
493	172	contig_28_16	1
494	173	contig_28_16	1
495	174	contig_28_16	1
496	175	contig_28_16	1
497	176	contig_28_16	1
498	177	contig_28_16	1
499	178	contig_28_16	1
500	179	contig_28_16	1
501	180	contig_28_16	1
502	181	contig_28_16	1
503	182	contig_28_16	1
504	183	contig_28_16	1
505	184	contig_28_16	1
506	185	contig_28_16	1
507	186	contig_28_16	1
508	187	contig_28_16	1
509	188	contig_28_16	1
510	189	contig_28_16	1
511	190	contig_28_16	1
512	191	contig_28_16	1
513	192	contig_28_16	1
514	193	contig_28_16	1
515	194	contig_28_16	1
516	195	contig_28_16	1
517	-19	contig_28_16	1
518	-18	contig_28_16	1
519	-96	contig_28_16	1
520	-95	contig_28_16	1
521	-94	contig_17	1
522	-93	contig_17	1
523	-92	contig_17	1
524	-91	contig_17	1
525	-90	contig_17	1
526	-89	contig_17	1
527	-88	contig_17	1
528	-87	contig_17	1
529	-86	contig_17	1
530	-85	contig_17	1
531	-84	contig_17	1
532	-83	contig_17	1
533	198	contig_17	1
534	199	contig_17	1
535	381	contig_17	1
536	382	contig_17	1
537	383	contig_17	1
538	384	contig_17	1
539	385	contig_17	1
540	200	contig_17	1
541	201	contig_17	1
542	202	contig_17	1
543	-103	contig_17	1
544	-102	contig_17	1
545	-101	contig_17	1
546	-100	contig_17	1
547	-99	contig_17	1
548	203	contig_17	1
549	204	contig_17	1
550	205	contig_17	1
551	206	contig_17	1
552	746	contig_23	1
553	747	contig_23	1
554	804	contig_23	1
555	805	contig_23	1
556	806	contig_23	1
557	807	contig_23	1
558	941	contig_23	1
559	942	contig_23	1
560	868	contig_23	1
561	869	contig_23	1
562	870	contig_23	1
563	808	contig_23	1
564	809	contig_23	1
565	810	contig_23	1
566	811	contig_23	1
567	812	contig_23	1
568	813	contig_23	1
569	814	contig_23	1
570	-434	contig_23	1
571	-433	contig_23	1
572	-432	contig_23	1
573	-431	contig_23	1
574	-430	contig_23	1
575	815	contig_23	1
576	816	contig_23	1
577	817	contig_23	1
578	818	contig_23	1
579	819	contig_23	1
580	820	contig_23	1
581	821	contig_23	1
582	822	contig_23	1
583	-435	contig_23	1
584	-434	contig_23	1
585	-433	contig_23	1
586	-432	contig_23	1
587	-431	contig_23	1
588	823	contig_23	1
589	824	contig_23	1
590	825	contig_23	1
591	826	contig_23	1
592	827	contig_23	1
593	828	contig_23	1
594	829	contig_23	1
595	830	contig_23	1
596	831	contig_23	1
597	832	contig_23	1
598	833	contig_23	1
599	834	contig_23	1
600	835	contig_23	1
601	836	contig_23	1
602	837	contig_23	1
603	838	contig_23	1
604	839	contig_23	1
605	840	contig_23	1
606	841	contig_23	1
607	842	contig_23	1
608	843	contig_23	1
609	844	contig_23	1
610	845	contig_23	1
611	846	contig_23	1
612	847	contig_23	1
613	848	contig_23	1
614	849	contig_23	1
615	850	contig_23	1
616	851	contig_23	1
617	852	contig_23	1
618	853	contig_23	1
619	854	contig_23	1
620	855	contig_23	1
621	856	contig_23	1
622	857	contig_23	1
623	858	contig_23	1
624	859	contig_23	1
625	860	contig_23	1
626	861	contig_23	1
627	862	contig_23	1
628	863	contig_23	1
629	864	contig_23	1
630	865	contig_23	1
631	866	contig_23	1
632	867	contig_23	1
633	938	contig_23	1
634	939	contig_23	1
635	940	contig_23	1
636	941	contig_23	1
637	942	contig_23	1
638	868	contig_23	1
639	-73	contig_23	1
640	-72	contig_23	1
641	-661	contig_23	1
642	-660	contig_23	1
643	-659	contig_23	1
644	869	contig_23	1
645	870	contig_23	1
646	871	contig_23	1
647	872	contig_23	1
648	873	contig_23	1
649	874	contig_23	1
650	875	contig_23	1
651	876	contig_23	1
652	877	contig_23	1
653	-782	contig_23	1
654	-781	contig_23	1
655	-631	contig_23	1
656	-630	contig_23	1
657	519	contig_35_44	1
658	520	contig_35_44	1
659	521	contig_35_44	1
660	522	contig_35_44	1
661	523	contig_35_44	1
662	524	contig_35_44	1
663	525	contig_35_44	1
664	526	contig_35_44	1
665	527	contig_35_44	1
666	528	contig_35_44	1
667	529	contig_35_44	1
668	530	contig_35_44	1
669	531	contig_35_44	1
670	-109	contig_35_44	1
671	-108	contig_35_44	1
672	-107	contig_35_44	1
673	-106	contig_35_44	1
674	-105	contig_35_44	1
675	532	contig_35_44	1
676	533	contig_35_44	1
677	534	contig_35_44	1
678	535	contig_35_44	1
679	536	contig_35_44	1
680	-635	contig_35_44	1
681	-634	contig_35_44	1
682	-633	contig_35_44	1
683	-632	contig_35_44	1
684	-785	contig_35_44	1
685	-784	contig_35_44	1
686	-783	contig_35_44	1
687	878	contig_35_44	1
688	300	contig_35_44	1
689	301	contig_35_44	1
690	302	contig_35_44	1
691	303	contig_35_44	1
692	304	contig_35_44	1
693	879	contig_35_44	1
694	-458	contig_35_44	1
695	-457	contig_35_44	1
696	-114	contig_35_44	1
697	-113	contig_35_44	1
698	-112	contig_35_44	1
699	-111	contig_35_44	1
700	-110	contig_35_44	1
701	-456	contig_35_44	1
702	-455	contig_35_44	1
703	-454	contig_35_44	1
704	880	contig_35_44	1
705	881	contig_35_44	1
706	463	contig_35_44	1
707	464	contig_35_44	1
708	465	contig_35_44	1
709	466	contig_35_44	1
710	937	contig_35_44	1
711	938	contig_35_44	1
712	939	contig_35_44	1
713	940	contig_35_44	1
714	917	contig_47_36	1
715	918	contig_47_36	1
716	919	contig_47_36	1
717	920	contig_47_36	1
718	921	contig_47_36	1
719	922	contig_47_36	1
720	923	contig_47_36	1
721	924	contig_47_36	1
722	925	contig_47_36	1
723	926	contig_47_36	1
724	927	contig_47_36	1
725	928	contig_47_36	1
726	169	contig_47_36	1
727	170	contig_47_36	1
728	171	contig_47_36	1
729	172	contig_47_36	1
730	173	contig_47_36	1
731	929	contig_47_36	1
732	930	contig_47_36	1
733	931	contig_47_36	1
734	932	contig_47_36	1
735	933	contig_47_36	1
736	-440	contig_47_36	1
737	-439	contig_47_36	1
738	-438	contig_47_36	1
739	-437	contig_47_36	1
740	-436	contig_47_36	1
741	934	contig_47_36	1
742	935	contig_47_36	1
743	936	contig_47_36	1
744	937	contig_47_36	1
745	938	contig_47_36	1
746	939	contig_47_36	1
747	940	contig_47_36	1
748	941	contig_47_36	1
749	942	contig_47_36	1
750	943	contig_47_36	1
751	944	contig_47_36	1
752	945	contig_47_36	1
753	537	contig_47_36	1
754	538	contig_47_36	1
755	539	contig_47_36	1
756	540	contig_47_36	1
757	541	contig_47_36	1
758	487	contig_47_36	1
759	488	contig_47_36	1
760	489	contig_47_36	1
761	490	contig_47_36	1
762	538	contig_47_36	1
763	539	contig_47_36	1
764	540	contig_47_36	1
765	541	contig_47_36	1
766	487	contig_47_36	1
767	491	contig_47_36	1
768	542	contig_47_36	1
769	543	contig_47_36	1
770	-72	contig_47_36	1
771	-661	contig_47_36	1
772	-660	contig_47_36	1
773	-659	contig_47_36	1
774	869	contig_47_36	1
775	-447	contig_47_36	1
776	-446	contig_47_36	1
777	-445	contig_47_36	1
778	-444	contig_47_36	1
779	-443	contig_47_36	1
780	-442	contig_47_36	1
781	439	contig_47_36	1
782	440	contig_47_36	1
783	-933	contig_47_36	1
784	-932	contig_47_36	1
785	-931	contig_47_36	1
786	-441	contig_47_36	1
787	-81	contig_47_36	1
788	-80	contig_47_36	1
789	-79	contig_47_36	1
790	-78	contig_47_36	1
791	36	contig_47_36	1
792	-629	contig_24_25	1
793	-628	contig_24_25	1
794	-627	contig_24_25	1
795	-626	contig_24_25	1
796	-625	contig_24_25	1
797	-624	contig_24_25	1
798	-623	contig_24_25	1
799	-622	contig_24_25	1
800	-621	contig_24_25	1
801	-620	contig_24_25	1
802	-757	contig_24_25	1
803	-756	contig_24_25	1
804	-755	contig_24_25	1
805	-754	contig_24_25	1
806	-753	contig_24_25	1
807	-619	contig_24_25	1
808	-618	contig_24_25	1
809	-617	contig_24_25	1
810	-616	contig_24_25	1
811	-615	contig_24_25	1
812	-614	contig_24_25	1
813	-613	contig_24_25	1
814	-612	contig_24_25	1
815	-611	contig_24_25	1
816	-610	contig_24_25	1
817	-609	contig_24_25	1
818	-608	contig_24_25	1
819	-607	contig_24_25	1
820	-606	contig_24_25	1
821	-605	contig_24_25	1
822	-604	contig_24_25	1
823	-603	contig_24_25	1
824	-602	contig_24_25	1
825	-601	contig_24_25	1
826	-600	contig_24_25	1
827	-599	contig_24_25	1
828	-598	contig_24_25	1
829	-597	contig_24_25	1
830	988	contig_50_49	1
831	989	contig_50_49	1
832	990	contig_50_49	1
833	991	contig_50_49	1
834	992	contig_50_49	1
835	993	contig_50_49	1
836	360	contig_50_49	1
837	361	contig_50_49	1
838	362	contig_50_49	1
839	363	contig_50_49	1
840	421	contig_50_49	1
841	994	contig_50_49	1
842	995	contig_50_49	1
843	996	contig_50_49	1
844	997	contig_50_49	1
845	998	contig_50_49	1
846	999	contig_50_49	1
847	1000	contig_50_49	1
848	727	contig_50_49	1
849	728	contig_50_49	1
850	729	contig_50_49	1
851	730	contig_50_49	1
852	731	contig_50_49	1
853	963	contig_50_49	1
854	964	contig_50_49	1
855	965	contig_50_49	1
856	966	contig_50_49	1
857	967	contig_50_49	1
858	968	contig_50_49	1
859	969	contig_50_49	1
860	970	contig_50_49	1
861	971	contig_50_49	1
862	972	contig_50_49	1
863	973	contig_50_49	1
864	974	contig_50_49	1
865	975	contig_50_49	1
866	976	contig_50_49	1
867	977	contig_50_49	1
868	978	contig_50_49	1
869	979	contig_50_49	1
870	980	contig_50_49	1
871	-435	contig_50_49	1
872	944	contig_50_49	1
873	945	contig_50_49	1
874	946	contig_50_49	1
875	947	contig_50_49	1
876	948	contig_50_49	1
877	-434	contig_50_49	1
878	-433	contig_50_49	1
879	-432	contig_50_49	1
880	-431	contig_50_49	1
881	981	contig_50_49	1
882	982	contig_50_49	1
883	983	contig_50_49	1
884	984	contig_50_49	1
885	985	contig_50_49	1
886	986	contig_50_49	1
887	987	contig_50_49	1
888	-708	contig_19_20	1
889	-707	contig_19_20	1
890	-706	contig_19_20	1
891	-705	contig_19_20	1
892	-704	contig_19_20	1
893	-703	contig_19_20	1
894	-702	contig_19_20	1
895	-959	contig_19_20	1
896	-958	contig_19_20	1
897	-957	contig_19_20	1
898	-956	contig_19_20	1
899	-955	contig_19_20	1
900	-701	contig_19_20	1
901	-755	contig_19_20	1
902	-754	contig_19_20	1
903	896	contig_46_45	1
904	897	contig_46_45	1
905	898	contig_46_45	1
906	899	contig_46_45	1
907	900	contig_46_45	1
908	901	contig_46_45	1
909	902	contig_46_45	1
910	903	contig_46_45	1
911	904	contig_46_45	1
912	905	contig_46_45	1
913	906	contig_46_45	1
914	907	contig_46_45	1
915	908	contig_46_45	1
916	909	contig_46_45	1
917	910	contig_46_45	1
918	911	contig_46_45	1
919	912	contig_46_45	1
920	913	contig_46_45	1
921	914	contig_46_45	1
922	915	contig_46_45	1
923	916	contig_46_45	1
924	941	contig_46_45	1
925	467	contig_46_45	1
926	882	contig_46_45	1
927	883	contig_46_45	1
928	884	contig_46_45	1
929	885	contig_46_45	1
930	886	contig_46_45	1
931	887	contig_46_45	1
932	888	contig_46_45	1
933	889	contig_46_45	1
934	890	contig_46_45	1
935	891	contig_46_45	1
936	892	contig_46_45	1
937	893	contig_46_45	1
938	894	contig_46_45	1
939	895	contig_46_45	1
940	290	contig_32_10	1
941	291	contig_32_10	1
942	292	contig_32_10	1
943	293	contig_32_10	1
944	294	contig_32_10	1
945	295	contig_32_10	1
946	296	contig_32_10	1
947	297	contig_32_10	1
948	298	contig_32_10	1
949	299	contig_32_10	1
950	300	contig_32_10	1
951	301	contig_32_10	1
952	302	contig_32_10	1
953	303	contig_32_10	1
954	304	contig_32_10	1
955	305	contig_32_10	1
956	306	contig_32_10	1
957	833	contig_32_10	1
958	834	contig_32_10	1
959	835	contig_32_10	1
960	836	contig_32_10	1
961	837	contig_32_10	1
962	307	contig_32_10	1
963	308	contig_32_10	1
964	-672	contig_32_10	1
965	-671	contig_32_10	1
966	-670	contig_32_10	1
967	-669	contig_32_10	1
968	93	contig_32_10	1
969	453	contig_32_10	1
970	454	contig_32_10	1
971	455	contig_32_10	1
972	456	contig_32_10	1
973	457	contig_32_10	1
974	458	contig_32_10	1
975	459	contig_32_10	1
976	460	contig_32_10	1
977	461	contig_32_10	1
978	462	contig_32_10	1
979	463	contig_32_10	1
980	-204	contig_32_10	1
981	-203	contig_32_10	1
982	99	contig_32_10	1
983	100	contig_32_10	1
984	101	contig_32_10	1
985	464	contig_32_10	1
986	465	contig_32_10	1
987	466	contig_32_10	1
988	467	contig_32_10	1
989	470	contig_32_10	1
990	471	contig_32_10	1
991	472	contig_32_10	1
992	473	contig_32_10	1
993	474	contig_32_10	1
994	468	contig_32_10	1
995	469	contig_32_10	1
996	470	contig_32_10	1
997	471	contig_32_10	1
998	472	contig_32_10	1
999	473	contig_32_10	1
1000	474	contig_32_10	1
1001	475	contig_32_10	1
1002	476	contig_32_10	1
1003	477	contig_32_10	1
1004	-198	contig_32_10	1
1005	83	contig_32_10	1
1006	84	contig_32_10	1
1007	85	contig_32_10	1
1008	86	contig_32_10	1
1009	478	contig_32_10	1
1010	479	contig_32_10	1
1011	480	contig_32_10	1
1012	481	contig_32_10	1
1013	482	contig_32_10	1
1014	483	contig_32_10	1
1015	484	contig_32_10	1
1016	485	contig_32_10	1
1017	667	contig_32_10	1
1018	668	contig_32_10	1
1019	669	contig_32_10	1
1020	670	contig_32_10	1
1021	671	contig_32_10	1
1022	486	contig_32_10	1
1023	487	contig_32_10	1
1024	488	contig_32_10	1
1025	489	contig_32_10	1
1026	80	contig_32_10	1
1027	81	contig_32_10	1
1028	82	contig_32_10	1
1029	-197	contig_32_10	1
1030	-196	contig_32_10	1
1031	15	contig_32_10	1
1032	16	contig_32_10	1
1033	17	contig_32_10	1
1034	97	contig_32_10	1
1035	265	contig_30_31	1
1036	266	contig_30_31	1
1037	267	contig_30_31	1
1038	268	contig_30_31	1
1039	269	contig_30_31	1
1040	270	contig_30_31	1
1041	271	contig_30_31	1
1042	272	contig_30_31	1
1043	273	contig_30_31	1
1044	274	contig_30_31	1
1045	275	contig_30_31	1
1046	276	contig_30_31	1
1047	277	contig_30_31	1
1048	278	contig_30_31	1
1049	279	contig_30_31	1
1050	280	contig_30_31	1
1051	281	contig_30_31	1
1052	282	contig_30_31	1
1053	283	contig_30_31	1
1054	284	contig_30_31	1
1055	285	contig_30_31	1
1056	286	contig_30_31	1
1057	287	contig_30_31	1
1058	288	contig_30_31	1
1059	289	contig_30_31	1
1060	-116	contig_21_22	1
1061	-115	contig_21_22	1
1062	-114	contig_21_22	1
1063	-113	contig_21_22	1
1064	-112	contig_21_22	1
1065	-753	contig_21_22	1
1066	-752	contig_21_22	1
1067	778	contig_21_22	1
1068	779	contig_21_22	1
1069	780	contig_21_22	1
1070	781	contig_21_22	1
1071	782	contig_21_22	1
1072	783	contig_21_22	1
1073	784	contig_21_22	1
1074	785	contig_21_22	1
1075	786	contig_21_22	1
1076	787	contig_21_22	1
1077	788	contig_21_22	1
1078	789	contig_21_22	1
1079	790	contig_21_22	1
1080	791	contig_21_22	1
1081	792	contig_21_22	1
1082	793	contig_21_22	1
1083	-150	contig_21_22	1
1084	-149	contig_21_22	1
1085	-148	contig_21_22	1
1086	-147	contig_21_22	1
1087	-146	contig_21_22	1
1088	794	contig_21_22	1
1089	795	contig_21_22	1
1090	796	contig_21_22	1
1091	797	contig_21_22	1
1092	798	contig_21_22	1
1093	799	contig_21_22	1
1094	800	contig_21_22	1
1095	801	contig_21_22	1
1096	802	contig_21_22	1
1097	803	contig_21_22	1
1098	743	contig_21_22	1
1099	744	contig_21_22	1
1100	745	contig_21_22	1
1101	-824	contig_13_12	1
1102	-823	contig_13_12	1
1103	431	contig_13_12	1
1104	464	contig_13_12	1
1105	465	contig_13_12	1
1106	466	contig_13_12	1
1107	467	contig_13_12	1
1108	103	contig_13_12	1
1109	197	contig_13_12	1
1110	360	contig_13_12	1
1111	361	contig_13_12	1
1112	362	contig_13_12	1
1113	462	contig_13_12	1
1114	104	contig_13_12	1
1115	105	contig_13_12	1
1116	106	contig_13_12	1
1117	-825	contig_13_12	1
1118	946	contig_48	1
1119	947	contig_48	1
1120	948	contig_48	1
1121	949	contig_48	1
1122	950	contig_48	1
1123	951	contig_48	1
1124	952	contig_48	1
1125	953	contig_48	1
1126	954	contig_48	1
1127	955	contig_48	1
1128	956	contig_48	1
1129	957	contig_48	1
1130	958	contig_48	1
1131	959	contig_48	1
1132	960	contig_48	1
1133	961	contig_48	1
1134	962	contig_48	1
1135	-720	contig_41_40	1
1136	-719	contig_41_40	1
1137	-718	contig_41_40	1
1138	-667	contig_41_40	1
1139	104	contig_41_40	1
1140	105	contig_41_40	1
1141	106	contig_41_40	1
1142	107	contig_41_40	1
1143	108	contig_41_40	1
1144	-666	contig_41_40	1
1145	-665	contig_41_40	1
1146	-664	contig_41_40	1
1147	-663	contig_41_40	1
1148	-662	contig_41_40	1
1149	-661	contig_41_40	1
1150	-660	contig_41_40	1
1151	-659	contig_41_40	1
1152	-658	contig_41_40	1
1153	-657	contig_41_40	1
1154	-656	contig_41_40	1
1155	-655	contig_41_40	1
1156	-654	contig_41_40	1
1157	-722	contig_41_40	1
1158	-721	contig_41_40	1
1159	490	contig_33_11	1
1160	491	contig_33_11	1
1161	492	contig_33_11	1
1162	493	contig_33_11	1
1163	940	contig_33_11	1
1164	941	contig_33_11	1
1165	942	contig_33_11	1
1166	868	contig_33_11	1
1167	-73	contig_33_11	1
1168	494	contig_33_11	1
1169	495	contig_33_11	1
1170	496	contig_33_11	1
1171	497	contig_33_11	1
1172	498	contig_33_11	1
1173	499	contig_33_11	1
1174	500	contig_33_11	1
1175	501	contig_33_11	1
1176	502	contig_33_11	1
1177	503	contig_33_11	1
1178	504	contig_33_11	1
1179	505	contig_33_11	1
1180	506	contig_33_11	1
1181	507	contig_33_11	1
1182	101	contig_33_11	1
1183	464	contig_33_11	1
1184	465	contig_33_11	1
1185	466	contig_33_11	1
1186	467	contig_33_11	1
1187	508	contig_33_11	1
1188	509	contig_33_11	1
1189	510	contig_33_11	1
1190	614	contig_33_11	1
1191	615	contig_33_11	1
1192	616	contig_33_11	1
1193	617	contig_33_11	1
1194	618	contig_33_11	1
1195	511	contig_33_11	1
1196	512	contig_33_11	1
1197	513	contig_33_11	1
1198	514	contig_33_11	1
1199	515	contig_33_11	1
1200	516	contig_33_11	1
1201	98	contig_33_11	1
1202	99	contig_33_11	1
1203	100	contig_33_11	1
1204	101	contig_33_11	1
1205	102	contig_33_11	1
1206	463	contig_33_11	1
1207	-281	contig_38_37	1
1208	-280	contig_38_37	1
1209	-404	contig_38_37	1
1210	-403	contig_38_37	1
1211	-402	contig_38_37	1
1212	-401	contig_38_37	1
1213	-400	contig_38_37	1
1214	-399	contig_38_37	1
1215	639	contig_38_37	1
1216	640	contig_38_37	1
1217	641	contig_38_37	1
1218	642	contig_38_37	1
1219	643	contig_38_37	1
1220	-398	contig_38_37	1
1221	-397	contig_38_37	1
1222	-396	contig_38_37	1
1223	-395	contig_38_37	1
1224	-394	contig_38_37	1
1225	-393	contig_38_37	1
1226	-392	contig_38_37	1
1227	-391	contig_38_37	1
1228	-390	contig_38_37	1
1229	-389	contig_38_37	1
1230	-388	contig_38_37	1
1231	-344	contig_38_37	1
1232	-343	contig_38_37	1
1233	-342	contig_38_37	1
1234	-341	contig_38_37	1
1235	-340	contig_38_37	1
1236	-387	contig_38_37	1
1237	-386	contig_38_37	1
1238	-385	contig_38_37	1
1239	-384	contig_38_37	1
1240	-383	contig_38_37	1
1241	-382	contig_38_37	1
1242	-381	contig_38_37	1
1243	-380	contig_38_37	1
1244	-379	contig_38_37	1
1245	-378	contig_38_37	1
1246	-377	contig_38_37	1
1247	-376	contig_38_37	1
1248	-375	contig_38_37	1
1249	-374	contig_38_37	1
1250	-373	contig_38_37	1
1251	-372	contig_38_37	1
1252	-371	contig_38_37	1
1253	-370	contig_38_37	1
1254	-369	contig_38_37	1
1255	-368	contig_38_37	1
1256	-367	contig_38_37	1
1257	-366	contig_38_37	1
1258	-365	contig_38_37	1
1259	-364	contig_38_37	1
1260	-385	contig_38_37	1
1261	-384	contig_38_37	1
1262	-383	contig_38_37	1
1263	-382	contig_38_37	1
1264	-381	contig_38_37	1
1265	-425	contig_38_37	1
1266	-424	contig_38_37	1
1267	-14	contig_38_37	1
1268	-13	contig_38_37	1
1269	-12	contig_38_37	1
1270	-11	contig_38_37	1
1271	-10	contig_38_37	1
1272	-423	contig_38_37	1
1273	-422	contig_38_37	1
1274	-421	contig_38_37	1
1275	-363	contig_38_37	1
1276	-362	contig_38_37	1
1277	-361	contig_38_37	1
1278	-360	contig_38_37	1
1279	-359	contig_38_37	1
1280	-358	contig_38_37	1
1281	-357	contig_38_37	1
1282	-356	contig_38_37	1
1283	-355	contig_38_37	1
1284	-178	contig_38_37	1
1285	-177	contig_38_37	1
1286	-176	contig_38_37	1
1287	-175	contig_38_37	1
1288	-174	contig_38_37	1
1289	-354	contig_38_37	1
1290	-353	contig_38_37	1
1291	-352	contig_38_37	1
1292	-351	contig_38_37	1
1293	-350	contig_38_37	1
1294	-349	contig_38_37	1
1295	-348	contig_38_37	1
1296	-347	contig_38_37	1
1297	-346	contig_38_37	1
1298	-345	contig_38_37	1
1299	-344	contig_38_37	1
1300	-343	contig_38_37	1
1301	-342	contig_38_37	1
1302	-341	contig_38_37	1
1303	-340	contig_38_37	1
1304	-339	contig_38_37	1
1305	-338	contig_38_37	1
1306	-337	contig_38_37	1
1307	-336	contig_38_37	1
1308	-335	contig_38_37	1
1309	-334	contig_38_37	1
1310	-333	contig_38_37	1
1311	-332	contig_38_37	1
1312	80	contig_38_37	1
1313	81	contig_38_37	1
1314	82	contig_38_37	1
1315	-421	contig_38_37	1
1316	-363	contig_38_37	1
1317	-466	contig_38_37	1
1318	-465	contig_38_37	1
1319	-464	contig_38_37	1
1320	-463	contig_38_37	1
1321	-462	contig_38_37	1
1322	-362	contig_38_37	1
1323	-361	contig_38_37	1
1324	-360	contig_38_37	1
1325	-197	contig_38_37	1
1326	-196	contig_38_37	1
1327	-331	contig_38_37	1
1328	-330	contig_38_37	1
1329	-329	contig_38_37	1
1330	-328	contig_38_37	1
1331	-327	contig_38_37	1
1332	-326	contig_38_37	1
1333	-325	contig_38_37	1
1334	-324	contig_38_37	1
1335	-323	contig_38_37	1
1336	-322	contig_38_37	1
1337	-321	contig_38_37	1
1338	-320	contig_38_37	1
1339	-319	contig_38_37	1
1340	-318	contig_38_37	1
1341	-317	contig_38_37	1
1342	-316	contig_38_37	1
1343	-315	contig_38_37	1
1344	-314	contig_38_37	1
1345	-313	contig_38_37	1
1346	-312	contig_38_37	1
1347	-311	contig_38_37	1
1348	-310	contig_38_37	1
1349	-309	contig_38_37	1
1350	673	contig_38_37	1
1351	674	contig_38_37	1
1352	675	contig_38_37	1
1353	676	contig_38_37	1
1354	677	contig_38_37	1
1355	678	contig_38_37	1
1356	679	contig_38_37	1
1357	680	contig_38_37	1
1358	681	contig_38_37	1
1359	682	contig_38_37	1
1360	683	contig_38_37	1
1361	684	contig_38_37	1
1362	685	contig_38_37	1
1363	686	contig_38_37	1
1364	687	contig_38_37	1
1365	688	contig_38_37	1
1366	689	contig_38_37	1
1367	690	contig_38_37	1
1368	691	contig_38_37	1
1369	692	contig_38_37	1
1370	693	contig_38_37	1
1371	694	contig_38_37	1
1372	695	contig_38_37	1
1373	696	contig_38_37	1
1374	697	contig_38_37	1
1375	698	contig_38_37	1
1376	699	contig_38_37	1
1377	700	contig_38_37	1
1378	751	contig_38_37	1
1379	-558	contig_38_37	1
1380	70	contig_38_37	1
1381	71	contig_38_37	1
1382	657	contig_38_37	1
1383	658	contig_38_37	1
1384	659	contig_38_37	1
1385	-557	contig_38_37	1
1386	746	contig_38_37	1
1387	747	contig_38_37	1
1388	748	contig_38_37	1
1389	749	contig_38_37	1
1390	750	contig_38_37	1
1391	-556	contig_38_37	1
1392	-555	contig_38_37	1
1393	38	contig_38_37	1
1394	39	contig_38_37	1
1395	40	contig_38_37	1
1396	41	contig_38_37	1
1397	-440	contig_38_37	1
1398	-439	contig_38_37	1
1399	-438	contig_38_37	1
1400	-104	contig_38_37	1
1401	-103	contig_38_37	1
1402	-102	contig_38_37	1
1403	-101	contig_38_37	1
1404	-100	contig_38_37	1
1405	-437	contig_38_37	1
1406	-436	contig_38_37	1
1407	-435	contig_38_37	1
1408	-434	contig_38_37	1
1409	-433	contig_38_37	1
1410	-432	contig_38_37	1
1411	-431	contig_38_37	1
1412	-430	contig_38_37	1
1413	-429	contig_38_37	1
1414	-465	contig_38_37	1
1415	-464	contig_38_37	1
1416	-463	contig_38_37	1
1417	-462	contig_38_37	1
1418	-461	contig_38_37	1
1419	-428	contig_38_37	1
1420	-427	contig_38_37	1
1421	-426	contig_38_37	1
1422	-425	contig_38_37	1
1423	-424	contig_38_37	1
1424	-423	contig_38_37	1
1425	-422	contig_38_37	1
1426	-421	contig_38_37	1
1427	-420	contig_38_37	1
1428	84	contig_38_37	1
1429	85	contig_38_37	1
1430	86	contig_38_37	1
1431	87	contig_38_37	1
1432	88	contig_38_37	1
1433	-419	contig_38_37	1
1434	-418	contig_38_37	1
1435	-417	contig_38_37	1
1436	-416	contig_38_37	1
1437	-415	contig_38_37	1
1438	-414	contig_38_37	1
1439	-413	contig_38_37	1
1440	-412	contig_38_37	1
1441	-411	contig_38_37	1
1442	-410	contig_38_37	1
1443	-409	contig_38_37	1
1444	-408	contig_38_37	1
1445	-407	contig_38_37	1
1446	-406	contig_38_37	1
1447	-405	contig_38_37	1
1448	-284	contig_38_37	1
1449	-283	contig_38_37	1
1450	-282	contig_38_37	1
